[gd_scene load_steps=29 format=3 uid="uid://c7qsvamep2fwb"]

[ext_resource type="PackedScene" uid="uid://b3dwcphoy104o" path="res://Assets/Models/Enemies/beetle.glb" id="1_lcwkd"]
[ext_resource type="Script" path="res://Scenes/Enemies/Enemy.gd" id="1_r7yee"]
[ext_resource type="Script" path="res://Scripts/state_machine.gd" id="3_xhf75"]
[ext_resource type="Script" path="res://Scripts/Enemies/States/Chase.gd" id="4_qql02"]

[sub_resource type="CapsuleShape3D" id="CapsuleShape3D_sjogr"]
radius = 0.4
height = 1.5

[sub_resource type="CapsuleShape3D" id="CapsuleShape3D_jlepe"]
radius = 0.0108404
height = 0.0454341

[sub_resource type="CapsuleShape3D" id="CapsuleShape3D_hwhtd"]
radius = 0.015222
height = 0.15222

[sub_resource type="CapsuleShape3D" id="CapsuleShape3D_p7627"]
radius = 0.02284
height = 0.2284

[sub_resource type="CapsuleShape3D" id="CapsuleShape3D_k648f"]
radius = 0.0172888
height = 0.172888

[sub_resource type="CapsuleShape3D" id="CapsuleShape3D_6p1sj"]
radius = 0.0190782
height = 0.190782

[sub_resource type="CapsuleShape3D" id="CapsuleShape3D_313lm"]
radius = 0.0201255
height = 0.201255

[sub_resource type="CapsuleShape3D" id="CapsuleShape3D_alq5b"]
radius = 0.0272714
height = 0.272714

[sub_resource type="CapsuleShape3D" id="CapsuleShape3D_i0gmb"]
radius = 0.0276047
height = 0.276047

[sub_resource type="CapsuleShape3D" id="CapsuleShape3D_6mtce"]
radius = 0.0136649
height = 0.136649

[sub_resource type="CapsuleShape3D" id="CapsuleShape3D_xblf5"]
radius = 0.0124487
height = 0.124487

[sub_resource type="CapsuleShape3D" id="CapsuleShape3D_ghusp"]
radius = 0.0107867
height = 0.107867

[sub_resource type="CapsuleShape3D" id="CapsuleShape3D_j50wh"]
radius = 0.0201255
height = 0.201255

[sub_resource type="CapsuleShape3D" id="CapsuleShape3D_6rufp"]
radius = 0.0272714
height = 0.272714

[sub_resource type="CapsuleShape3D" id="CapsuleShape3D_n7486"]
radius = 0.0276047
height = 0.276047

[sub_resource type="CapsuleShape3D" id="CapsuleShape3D_b3orh"]
radius = 0.0136649
height = 0.136649

[sub_resource type="CapsuleShape3D" id="CapsuleShape3D_ehbkm"]
radius = 0.0124487
height = 0.124487

[sub_resource type="CapsuleShape3D" id="CapsuleShape3D_hpbm5"]
radius = 0.0107867
height = 0.107867

[sub_resource type="CapsuleShape3D" id="CapsuleShape3D_w5dax"]
radius = 0.043154
height = 0.43154

[sub_resource type="CapsuleShape3D" id="CapsuleShape3D_ji5gq"]
radius = 0.0479645
height = 0.479645

[sub_resource type="CapsuleShape3D" id="CapsuleShape3D_jrawb"]
radius = 0.0192573
height = 0.192573

[sub_resource type="CapsuleShape3D" id="CapsuleShape3D_siiw4"]
radius = 0.043154
height = 0.43154

[sub_resource type="CapsuleShape3D" id="CapsuleShape3D_q5p7i"]
radius = 0.0479645
height = 0.479645

[sub_resource type="CapsuleShape3D" id="CapsuleShape3D_a1uua"]
radius = 0.0192573
height = 0.192573

[node name="Beetle" type="CharacterBody3D" node_paths=PackedStringArray("skeleton", "animation_player")]
collision_layer = 4
script = ExtResource("1_r7yee")
skeleton = NodePath("beetle/metarig/Skeleton3D")
animation_player = NodePath("beetle/AnimationPlayer")

[node name="CollisionShape3D" type="CollisionShape3D" parent="."]
transform = Transform3D(1, 0, 0, 0, 1, 0, 0, 0, 1, 0, 1, 0)
shape = SubResource("CapsuleShape3D_sjogr")

[node name="beetle" parent="." instance=ExtResource("1_lcwkd")]
transform = Transform3D(-1, 0, -8.74228e-08, 0, 1, 0, 8.74228e-08, 0, -1, 0, 0, 0)

[node name="Skeleton3D" parent="beetle/metarig" index="0"]
bones/0/position = Vector3(7.99361e-15, 0.917718, -0.0552)
bones/1/rotation = Quaternion(0.128691, -1.53651e-09, 2.13373e-08, 0.991685)
bones/2/rotation = Quaternion(0.282164, -1.14669e-07, 1.91133e-08, 0.959366)
bones/3/rotation = Quaternion(-0.0630727, 1.18886e-07, -4.69805e-09, 0.998009)
bones/4/rotation = Quaternion(0.0681482, -3.57535e-07, -3.40047e-09, 0.997675)
bones/5/rotation = Quaternion(-0.423703, 2.19233e-07, 1.13222e-07, 0.905801)
bones/6/rotation = Quaternion(-0.569054, -0.346415, -0.300955, 0.682349)
bones/7/rotation = Quaternion(-0.333609, 0.534886, -0.402331, 0.663876)
bones/8/rotation = Quaternion(0.491014, -0.309522, -0.241013, 0.777826)
bones/9/rotation = Quaternion(0.136259, 0.00110549, 0.0864589, 0.986893)
bones/10/rotation = Quaternion(0.112864, -0.475275, -0.155798, 0.858546)
bones/12/rotation = Quaternion(-0.30408, -0.686454, 0.130906, 0.647442)
bones/14/rotation = Quaternion(-0.86479, -0.102254, -0.347245, 0.347998)
bones/15/position = Vector3(0.0970353, 0.1699, -0.171549)
bones/15/rotation = Quaternion(-0.993, -0.0469629, -0.104058, 0.0302764)
bones/15/scale = Vector3(0.706917, 0.706917, 0.706917)
bones/16/position = Vector3(0.0853026, 0.153693, -0.162831)
bones/16/rotation = Quaternion(-0.994418, 0.0648954, -0.0753875, 0.0351906)
bones/16/scale = Vector3(0.706917, 0.706917, 0.706917)
bones/17/rotation = Quaternion(-0.569054, 0.346415, 0.300955, 0.682349)
bones/18/rotation = Quaternion(-0.333609, -0.534886, 0.402331, 0.663876)
bones/19/rotation = Quaternion(0.491014, 0.309523, 0.241013, 0.777826)
bones/20/rotation = Quaternion(0.136259, -0.00110549, -0.086459, 0.986893)
bones/21/rotation = Quaternion(0.112864, 0.475275, 0.155798, 0.858546)
bones/23/rotation = Quaternion(-0.30408, 0.686454, -0.130906, 0.647442)
bones/24/rotation = Quaternion(-0.25624, -0.394259, 0.107654, 0.875963)
bones/25/rotation = Quaternion(-0.864791, 0.102254, 0.347245, 0.347998)
bones/26/position = Vector3(-0.0970353, 0.1699, -0.17155)
bones/26/rotation = Quaternion(-0.993, 0.0469629, 0.104058, 0.0302765)
bones/26/scale = Vector3(0.706917, 0.706917, 0.706917)
bones/27/position = Vector3(-0.0853025, 0.153693, -0.162831)
bones/27/rotation = Quaternion(-0.994418, -0.0648954, 0.0753873, 0.0351906)
bones/27/scale = Vector3(0.706917, 0.706917, 0.706917)
bones/28/rotation = Quaternion(0.276802, 0.75602, 0.29498, -0.514588)
bones/29/rotation = Quaternion(0.728242, -0.0771104, -0.113317, 0.671474)
bones/30/rotation = Quaternion(0.851865, -0.012196, -0.0446604, 0.521711)
bones/31/rotation = Quaternion(-0.585769, 0.00696571, -0.115954, 0.80211)
bones/32/rotation = Quaternion(-0.0171184, 0.89724, -0.433247, 0.0834495)
bones/33/rotation = Quaternion(0.21516, -0.0445662, -0.0654142, 0.973366)
bones/34/rotation = Quaternion(-0.276802, 0.75602, 0.29498, 0.514588)
bones/35/rotation = Quaternion(0.909057, 0.0227097, 0.178823, 0.375663)
bones/36/rotation = Quaternion(0.645232, 0.00548528, 0.0188749, 0.763733)
bones/37/rotation = Quaternion(-0.484988, -0.0249181, 0.110298, 0.867179)
bones/38/rotation = Quaternion(-0.0181081, 0.791366, -0.603646, -0.0949929)
bones/39/rotation = Quaternion(0.21516, 0.0445662, 0.0654142, 0.973366)

[node name="Head" type="PhysicalBone3D" parent="beetle/metarig/Skeleton3D" index="1"]
transform = Transform3D(1.00001, 1.13934e-06, 1.56853e-07, -1.2406e-06, -0.887868, -0.460111, 8.01527e-07, 0.460115, -0.887866, 4.73696e-08, 1.47276, 0.436235)
collision_layer = 2
joint_type = 1
joint_offset = Transform3D(1, 0, 0, 0, 1, 0, 0, 0, 1, -3.51376e-08, -1.53406e-06, 0.0374959)
body_offset = Transform3D(1.00001, 1.64035e-06, 1.81444e-07, 1.65424e-07, 2.74181e-06, -1, 9.69259e-07, 1.00001, -4.17233e-07, 2.83368e-08, 0.0374961, 1.54972e-06)
bone_name = "spine.004"
joint_constraints/bias = 0.3
joint_constraints/damping = 1.0
joint_constraints/impulse_clamp = 0.0

[node name="CollisionShape3D" type="CollisionShape3D" parent="beetle/metarig/Skeleton3D/Head"]
transform = Transform3D(13.6134, 1.59162e-12, 2.72848e-12, -4.09273e-12, 4.76837e-07, 14.8055, 2.27374e-13, -9.3553, 4.76837e-07, -1.9042e-08, -0.0403742, -0.185502)
shape = SubResource("CapsuleShape3D_jlepe")

[node name="Physical Bone spine" type="PhysicalBone3D" parent="beetle/metarig/Skeleton3D" index="2"]
transform = Transform3D(1.00001, 3.59124e-06, -5.77419e-07, 2.89029e-07, -0.24965, -0.968354, -1.46032e-06, 0.968365, -0.249647, 3.52065e-08, 0.99142, -0.040676)
collision_layer = 2
joint_offset = Transform3D(1, 0, 0, 0, 1, 0, 0, 0, 1, -7.47182e-09, 0.00433495, 0.0749932)
body_offset = Transform3D(1.00001, 3.35281e-06, -5.77418e-07, -8.46765e-08, -3.72529e-06, -1.00002, -1.24782e-06, 1.00003, -3.53158e-06, 3.624e-08, 0.0749944, -0.00433481)
bone_name = "spine"

[node name="CollisionShape3D" type="CollisionShape3D" parent="beetle/metarig/Skeleton3D/Physical Bone spine"]
transform = Transform3D(6.80543, 0, 6.05382e-12, -2.27374e-13, 0, 1, 0, -1, 4.47035e-08, 0, 6.4075e-06, -1.66893e-06)
shape = SubResource("CapsuleShape3D_hwhtd")

[node name="Physical Bone spine_001" type="PhysicalBone3D" parent="beetle/metarig/Skeleton3D" index="3"]
transform = Transform3D(1.00002, -1.2568e-07, -1.38776e-07, 4.77163e-07, -0.488556, -0.87258, -1.1212e-06, 0.872597, -0.488546, 1.25468e-08, 1.16476, 0.0385928)
collision_layer = 2
joint_type = 1
joint_offset = Transform3D(1, 0, 0, 0, 1, 0, 0, 0, 1, 3.3005e-09, -3.09724e-06, 0.114196)
body_offset = Transform3D(1.00002, -3.58659e-07, -1.20637e-07, -1.13253e-07, 3.45707e-06, -1.00004, -9.78435e-07, 1.00006, 3.63588e-06, 1.04747e-08, 0.1142, 2.68221e-06)
bone_name = "spine.001"
joint_constraints/bias = 0.3
joint_constraints/damping = 1.0
joint_constraints/impulse_clamp = 0.0

[node name="CollisionShape3D" type="CollisionShape3D" parent="beetle/metarig/Skeleton3D/Physical Bone spine_001"]
transform = Transform3D(8.46532, 1.77636e-15, 1.37845e-11, 9.09495e-13, 0, 1, 2.84217e-14, -1, -3.72529e-08, 8.63309e-13, 0, 0)
shape = SubResource("CapsuleShape3D_p7627")

[node name="Physical Bone spine_002" type="PhysicalBone3D" parent="beetle/metarig/Skeleton3D" index="4"]
transform = Transform3D(1.00002, -1.4686e-06, -3.20381e-08, -5.40524e-07, -0.883237, -0.469273, 1.7176e-07, 0.46917, -0.883429, 6.55627e-09, 1.30498, 0.170732)
collision_layer = 2
joint_type = 1
joint_offset = Transform3D(1, 0, 0, 0, 1, 0, 0, 0, 1, 3.69115e-10, 9.07175e-06, 0.0864304)
body_offset = Transform3D(1.00002, -1.44542e-06, 7.96878e-09, -6.18881e-08, -1.2517e-06, -1.00033, 5.34748e-07, 1.00011, -1.49012e-07, -1.04475e-09, 0.0864592, -9.05991e-06)
bone_name = "spine.002"
joint_constraints/bias = 0.3
joint_constraints/damping = 1.0
joint_constraints/impulse_clamp = 0.0

[node name="CollisionShape3D" type="CollisionShape3D" parent="beetle/metarig/Skeleton3D/Physical Bone spine_002"]
transform = Transform3D(10.8086, 8.47033e-22, 0, -5.42101e-20, 1.49012e-08, 1, 3.13402e-20, -1, 1.49012e-08, 0, 0, 0)
shape = SubResource("CapsuleShape3D_k648f")

[node name="Physical Bone spine_003" type="PhysicalBone3D" parent="beetle/metarig/Skeleton3D" index="5"]
transform = Transform3D(1.00001, -3.61218e-07, -8.81991e-08, 3.43202e-07, -0.817061, -0.576604, -3.63786e-07, 0.576576, -0.817099, 1.24753e-08, 1.40047, 0.324938)
collision_layer = 2
joint_type = 1
joint_offset = Transform3D(1, 0, 0, 0, 1, 0, 0, 0, 1, 6.98893e-09, 2.4067e-06, 0.0953072)
body_offset = Transform3D(1.00001, -5.81149e-07, -5.12228e-08, -6.23775e-08, 1.49012e-06, -1.00006, -2.70231e-07, 1.00001, 2.26498e-06, -2.10566e-09, 0.0953131, -2.6226e-06)
bone_name = "spine.003"
joint_constraints/bias = 0.3
joint_constraints/damping = 1.0
joint_constraints/impulse_clamp = 0.0

[node name="CollisionShape3D" type="CollisionShape3D" parent="beetle/metarig/Skeleton3D/Physical Bone spine_003"]
transform = Transform3D(9.59966, 0, -4.26326e-14, 4.84306e-11, 0, 1, -5.82645e-13, -1, -5.58794e-09, 0, 0, 0)
shape = SubResource("CapsuleShape3D_6p1sj")

[node name="Physical Bone shoulder_L" type="PhysicalBone3D" parent="beetle/metarig/Skeleton3D" index="6"]
transform = Transform3D(0.458835, -0.247705, -0.853328, -0.390004, 0.806771, -0.443896, 0.798384, 0.536464, 0.273548, 0.116106, 1.33211, 0.353206)
collision_layer = 2
joint_type = 1
joint_offset = Transform3D(1, 0, 0, 0, 1, 0, 0, 0, 1, 4.43682e-06, -1.30758e-06, 0.100624)
body_offset = Transform3D(0.893637, -0.443484, -0.0691409, 1.54525e-05, 0.154037, -0.988085, 0.448847, 0.882964, 0.137649, 0.0069527, 0.0994255, -0.0138516)
bone_name = "shoulder.L"
joint_constraints/bias = 0.3
joint_constraints/damping = 1.0
joint_constraints/impulse_clamp = 0.0

[node name="CollisionShape3D" type="CollisionShape3D" parent="beetle/metarig/Skeleton3D/Physical Bone shoulder_L"]
transform = Transform3D(1, 0, 0, 0, 0, 1, 0, -1, 0, 0, 0, 0)
shape = SubResource("CapsuleShape3D_313lm")

[node name="Physical Bone upper_arm_L" type="PhysicalBone3D" parent="beetle/metarig/Skeleton3D" index="7"]
transform = Transform3D(-0.599876, 0.549881, -0.581577, -0.782624, -0.556415, 0.280316, -0.16954, 0.622978, 0.763698, 0.281283, 1.33856, 0.221551)
collision_layer = 2
joint_type = 1
joint_offset = Transform3D(1, 0, 0, 0, 1, 0, 0, 0, 1, 8.61358e-06, -3.29696e-06, 0.136355)
body_offset = Transform3D(1.00055, -2.27988e-06, 1.49012e-06, -1.40667e-05, 6.10948e-06, -1.00002, -1.41263e-05, 1.00003, 2.98023e-06, -8.82149e-06, 0.136357, 2.89083e-06)
bone_name = "upper_arm.L"
joint_constraints/bias = 0.3
joint_constraints/damping = 1.0
joint_constraints/impulse_clamp = 0.0

[node name="CollisionShape3D" type="CollisionShape3D" parent="beetle/metarig/Skeleton3D/Physical Bone upper_arm_L"]
transform = Transform3D(1, 0, 0, 0, 0, 1, 0, -1, 0, 0, 0, 0)
shape = SubResource("CapsuleShape3D_alq5b")

[node name="Physical Bone forearm_L" type="PhysicalBone3D" parent="beetle/metarig/Skeleton3D" index="8"]
transform = Transform3D(-0.675386, 0.25112, -0.693112, -0.487774, 0.550658, 0.675568, 0.554109, 0.791334, -0.24965, 0.456238, 1.20701, 0.151925)
collision_layer = 2
joint_type = 1
joint_offset = Transform3D(1, 0, 0, 0, 1, 0, 0, 0, 1, -6.85659e-05, 1.33988e-06, 0.138085)
body_offset = Transform3D(1.00055, 0.000209033, 0.000510633, 0.000250921, -0.000395, -0.99956, 7.71284e-05, 0.99624, 1.59442e-06, -1.90735e-06, 0.138025, -1.54972e-06)
bone_name = "forearm.L"
joint_constraints/bias = 0.3
joint_constraints/damping = 1.0
joint_constraints/impulse_clamp = 0.0

[node name="CollisionShape3D" type="CollisionShape3D" parent="beetle/metarig/Skeleton3D/Physical Bone forearm_L"]
transform = Transform3D(1, 0, 0, 0, 0, 1, 0, -1, 0, 0, 0, 0)
shape = SubResource("CapsuleShape3D_i0gmb")

[node name="Physical Bone hand_L" type="PhysicalBone3D" parent="beetle/metarig/Skeleton3D" index="9"]
transform = Transform3D(-0.541231, 0.0391881, -0.839927, -0.583845, 0.70108, 0.409267, 0.60515, 0.712035, -0.356583, 0.6093, 1.08574, 0.210786)
collision_layer = 2
joint_type = 1
joint_offset = Transform3D(1, 0, 0, 0, 1, 0, 0, 0, 1, 2.85183e-05, -2.43057e-07, 0.0683244)
body_offset = Transform3D(1.00001, 0.000330776, -0.000139982, 3.42727e-07, -0.000110477, -1.00006, 2.63453e-05, 1.00002, 3.54648e-06, -1.89543e-05, 0.0683288, 0)
bone_name = "hand.L"
joint_constraints/bias = 0.3
joint_constraints/damping = 1.0
joint_constraints/impulse_clamp = 0.0

[node name="CollisionShape3D" type="CollisionShape3D" parent="beetle/metarig/Skeleton3D/Physical Bone hand_L"]
transform = Transform3D(1, 0, 0, 0, 0, 1, 0, -1, 0, 0, 0, 0)
shape = SubResource("CapsuleShape3D_6mtce")

[node name="Physical Bone Finger1U_L" type="PhysicalBone3D" parent="beetle/metarig/Skeleton3D" index="10"]
transform = Transform3D(-0.554451, 0.442969, -0.704552, 0.409209, 0.882283, 0.23269, 0.724679, -0.15929, -0.670446, 0.710537, 1.04329, 0.276885)
collision_layer = 2
joint_type = 1
joint_offset = Transform3D(1, 0, 0, 0, 1, 0, 0, 0, 1, 5.44435e-06, 1.93331e-06, 0.0622517)
body_offset = Transform3D(1.00001, 4.02331e-07, -3.27826e-07, -6.25849e-07, 5.51343e-07, -1.00002, -1.03563e-06, 1.00001, -4.17233e-07, -5.42402e-06, 0.0622529, -1.90735e-06)
bone_name = "Finger1U.L"
joint_constraints/bias = 0.3
joint_constraints/damping = 1.0
joint_constraints/impulse_clamp = 0.0

[node name="CollisionShape3D" type="CollisionShape3D" parent="beetle/metarig/Skeleton3D/Physical Bone Finger1U_L"]
transform = Transform3D(1, 0, 0, 0, 0, 1, 0, -1, 0, 0, 0, 0)
shape = SubResource("CapsuleShape3D_xblf5")

[node name="Physical Bone Finger2U_L" type="PhysicalBone3D" parent="beetle/metarig/Skeleton3D" index="11"]
transform = Transform3D(0.512373, 0.69893, -0.499007, 0.313708, 0.388583, 0.866392, 0.799432, -0.600444, -0.0201632, 0.6936, 1.01105, 0.236236)
collision_layer = 2
joint_type = 1
joint_offset = Transform3D(1, 0, 0, 0, 1, 0, 0, 0, 1, -4.25814e-06, -1.17045e-05, 0.0539352)
body_offset = Transform3D(1.00002, -5.0962e-06, -2.82936e-06, 3.01749e-07, 3.2708e-06, -1.00002, 4.82798e-06, 1.00002, 3.72622e-06, 4.41074e-06, 0.0539365, 1.15037e-05)
bone_name = "Finger2U.L"
joint_constraints/bias = 0.3
joint_constraints/damping = 1.0
joint_constraints/impulse_clamp = 0.0

[node name="CollisionShape3D" type="CollisionShape3D" parent="beetle/metarig/Skeleton3D/Physical Bone Finger2U_L"]
transform = Transform3D(1, 0, 0, 0, 0, 1, 0, -1, 0, 0, 0, 0)
shape = SubResource("CapsuleShape3D_ghusp")

[node name="Physical Bone shoulder_R" type="PhysicalBone3D" parent="beetle/metarig/Skeleton3D" index="12"]
transform = Transform3D(0.458819, 0.247703, 0.853333, 0.390017, 0.806766, -0.443901, -0.798377, 0.53646, 0.273553, -0.116107, 1.33211, 0.35321)
collision_layer = 2
joint_type = 1
joint_offset = Transform3D(1, 0, 0, 0, 1, 0, 0, 0, 1, 8.13976e-07, -1.42865e-06, 0.100622)
body_offset = Transform3D(0.893633, 0.443481, 0.0691379, 3.15905e-06, 0.154036, -0.988094, -0.448836, 0.882958, 0.137652, -0.00695688, 0.0994241, -0.0138491)
bone_name = "shoulder.R"
joint_constraints/bias = 0.3
joint_constraints/damping = 1.0
joint_constraints/impulse_clamp = 0.0

[node name="CollisionShape3D" type="CollisionShape3D" parent="beetle/metarig/Skeleton3D/Physical Bone shoulder_R"]
transform = Transform3D(1, 0, 0, 0, 0, 1, 0, -1, 0, 0, 0, 0)
shape = SubResource("CapsuleShape3D_j50wh")

[node name="Physical Bone upper_arm_R" type="PhysicalBone3D" parent="beetle/metarig/Skeleton3D" index="13"]
transform = Transform3D(-0.599564, -0.549862, 0.581576, 0.782233, -0.556404, 0.280316, 0.169468, 0.622968, 0.763693, -0.281278, 1.33855, 0.221545)
collision_layer = 2
joint_type = 1
joint_offset = Transform3D(1, 0, 0, 0, 1, 0, 0, 0, 1, 7.97171e-07, -1.54435e-07, 0.136359)
body_offset = Transform3D(1.00004, -2.39164e-06, -1.47521e-06, -3.15905e-06, 0, -1.00002, 1.47e-05, 1.00001, 1.13249e-06, -5.96046e-07, 0.136362, 0)
bone_name = "upper_arm.R"
joint_constraints/bias = 0.3
joint_constraints/damping = 1.0
joint_constraints/impulse_clamp = 0.0

[node name="CollisionShape3D" type="CollisionShape3D" parent="beetle/metarig/Skeleton3D/Physical Bone upper_arm_R"]
transform = Transform3D(1, 0, 0, 0, 0, 1, 0, -1, 0, 0, 0, 0)
shape = SubResource("CapsuleShape3D_6rufp")

[node name="Physical Bone forearm_R" type="PhysicalBone3D" parent="beetle/metarig/Skeleton3D" index="14"]
transform = Transform3D(-0.675214, -0.252483, 0.69308, 0.48738, 0.552583, 0.676118, -0.553685, 0.794313, -0.250043, -0.45624, 1.20701, 0.151924)
collision_layer = 2
joint_type = 1
joint_offset = Transform3D(1, 0, 0, 0, 1, 0, 0, 0, 1, -3.58205e-06, 1.55776e-06, 0.138024)
body_offset = Transform3D(1.00001, -2.68221e-07, -3.8445e-06, 2.14577e-06, -6.80983e-06, -1.00001, -9.83477e-07, 1.00002, 1.66893e-06, 4.11272e-06, 0.138025, -1.78814e-06)
bone_name = "forearm.R"
joint_constraints/bias = 0.3
joint_constraints/damping = 1.0
joint_constraints/impulse_clamp = 0.0

[node name="CollisionShape3D" type="CollisionShape3D" parent="beetle/metarig/Skeleton3D/Physical Bone forearm_R"]
transform = Transform3D(1, 0, 0, 0, 0, 1, 0, -1, 0, 0, 0, 0)
shape = SubResource("CapsuleShape3D_n7486")

[node name="Physical Bone hand_R" type="PhysicalBone3D" parent="beetle/metarig/Skeleton3D" index="15"]
transform = Transform3D(-0.541242, -0.039457, 0.83996, 0.583862, 0.701236, 0.409162, -0.605132, 0.711878, -0.356483, -0.609291, 1.08573, 0.210797)
collision_layer = 2
joint_type = 1
joint_offset = Transform3D(1, 0, 0, 0, 1, 0, 0, 0, 1, -1.17782e-06, 2.48592e-07, 0.0683289)
body_offset = Transform3D(1.00001, 1.49012e-06, -2.08616e-07, 8.19564e-06, -4.70877e-06, -1.00001, -4.76837e-07, 1.00003, -1.49012e-07, 1.19209e-06, 0.0683297, -2.38419e-07)
bone_name = "hand.R"
joint_constraints/bias = 0.3
joint_constraints/damping = 1.0
joint_constraints/impulse_clamp = 0.0

[node name="CollisionShape3D" type="CollisionShape3D" parent="beetle/metarig/Skeleton3D/Physical Bone hand_R"]
transform = Transform3D(1, 0, 0, 0, 0, 1, 0, -1, 0, 0, 0, 0)
shape = SubResource("CapsuleShape3D_b3orh")

[node name="Physical Bone Finger1U_R" type="PhysicalBone3D" parent="beetle/metarig/Skeleton3D" index="16"]
transform = Transform3D(-0.554461, -0.442998, 0.704552, -0.409228, 0.882263, 0.232687, -0.724696, -0.159491, -0.670444, -0.710531, 1.04328, 0.276882)
collision_layer = 2
joint_type = 1
joint_offset = Transform3D(1, 0, 0, 0, 1, 0, 0, 0, 1, -6.75165e-06, 1.00103e-05, 0.0622472)
body_offset = Transform3D(1.00004, 0.000169605, 0, 0, -0.000109382, -1.00002, -8.49366e-06, 1.00004, -3.78489e-06, 6.75023e-06, 0.0622482, -9.77516e-06)
bone_name = "Finger1U.R"
joint_constraints/bias = 0.3
joint_constraints/damping = 1.0
joint_constraints/impulse_clamp = 0.0

[node name="CollisionShape3D" type="CollisionShape3D" parent="beetle/metarig/Skeleton3D/Physical Bone Finger1U_R"]
transform = Transform3D(1, 0, 0, 0, 0, 1, 0, -1, 0, 0, 0, 0)
shape = SubResource("CapsuleShape3D_ehbkm")

[node name="Physical Bone Finger2U_R" type="PhysicalBone3D" parent="beetle/metarig/Skeleton3D" index="17"]
transform = Transform3D(0.512371, -0.698925, 0.498993, -0.313705, 0.388578, 0.866389, -0.799434, -0.600441, -0.0201426, -0.69359, 1.01105, 0.236241)
collision_layer = 2
joint_type = 1
joint_offset = Transform3D(1, 0, 0, 0, 1, 0, 0, 0, 1, 3.47443e-06, -1.15483e-08, 0.0539341)
body_offset = Transform3D(1.00002, 6.91414e-06, -2.02153e-05, -1.96509e-06, 4.86989e-06, -1.00001, -1.2815e-06, 1.00001, 2.14204e-07, -2.38419e-06, 0.0539349, 0)
bone_name = "Finger2U.R"
joint_constraints/bias = 0.3
joint_constraints/damping = 1.0
joint_constraints/impulse_clamp = 0.0

[node name="CollisionShape3D" type="CollisionShape3D" parent="beetle/metarig/Skeleton3D/Physical Bone Finger2U_R"]
transform = Transform3D(1, 0, 0, 0, 0, 1, 0, -1, 0, 0, 0, 0)
shape = SubResource("CapsuleShape3D_hpbm5")

[node name="Physical Bone thigh_L" type="PhysicalBone3D" parent="beetle/metarig/Skeleton3D" index="18"]
transform = Transform3D(0.962431, -0.268605, -0.0398717, -0.240765, -0.912002, 0.332123, -0.12557, -0.310027, -0.942388, 0.151708, 1.0686, 0.191215)
collision_layer = 2
joint_type = 1
joint_offset = Transform3D(1, 0, 0, 0, 1, 0, 0, 0, 1, 0.00216744, 6.53718e-06, 0.215772)
body_offset = Transform3D(1, -4.25428e-06, -1.63913e-06, -5.21541e-08, 2.42889e-05, -0.999995, -9.16421e-07, 1.00001, 2.86102e-06, -0.00216709, 0.215771, -7.15256e-06)
bone_name = "thigh.L"
joint_constraints/bias = 0.3
joint_constraints/damping = 1.0
joint_constraints/impulse_clamp = 0.0

[node name="CollisionShape3D" type="CollisionShape3D" parent="beetle/metarig/Skeleton3D/Physical Bone thigh_L"]
transform = Transform3D(1, 0, 0, 0, 0, 1, 0, -1, 0, 0, 0, 0)
shape = SubResource("CapsuleShape3D_w5dax")

[node name="Physical Bone shin_L" type="PhysicalBone3D" parent="beetle/metarig/Skeleton3D" index="19"]
transform = Transform3D(0.972381, 0.000383322, 0.232076, -0.159523, 0.716533, 0.665774, -0.168829, -0.675106, 0.707173, 0.106676, 0.836524, 0.224441)
collision_layer = 2
joint_type = 1
joint_offset = Transform3D(1, 0, 0, 0, 1, 0, 0, 0, 1, -1.56035e-05, -9.14874e-06, 0.240153)
body_offset = Transform3D(0.999738, 5.08055e-05, 5.97462e-05, -8.69483e-06, 0.000427604, -0.998602, -4.45545e-06, 0.984473, 0.000150681, 1.2517e-06, 0.239817, -2.71797e-05)
bone_name = "shin.L"
joint_constraints/bias = 0.3
joint_constraints/damping = 1.0
joint_constraints/impulse_clamp = 0.0

[node name="CollisionShape3D" type="CollisionShape3D" parent="beetle/metarig/Skeleton3D/Physical Bone shin_L"]
transform = Transform3D(1, 0, 0, 0, 0, 1, 0, -1, 0, 0, 0, 0)
shape = SubResource("CapsuleShape3D_ji5gq")

[node name="Physical Bone foot_L" type="PhysicalBone3D" parent="beetle/metarig/Skeleton3D" index="20"]
transform = Transform3D(0.991678, -0.0751488, -0.106727, 0.0649639, -0.421815, 0.912758, -0.112264, -0.907817, -0.414751, 0.0611483, 0.589406, 0.0941775)
collision_layer = 2
joint_type = 1
joint_offset = Transform3D(1, 0, 0, 0, 1, 0, 0, 0, 1, 4.33439e-06, -3.19011e-05, 0.095593)
body_offset = Transform3D(1.00012, -1.19358e-05, 1.55978e-05, -2.89828e-06, -0.000238746, -1.00823, 1.83284e-06, 1.00385, -0.000714391, -5.82635e-06, 0.0963801, 0.000100315)
bone_name = "foot.L"
joint_constraints/bias = 0.3
joint_constraints/damping = 1.0
joint_constraints/impulse_clamp = 0.0

[node name="CollisionShape3D" type="CollisionShape3D" parent="beetle/metarig/Skeleton3D/Physical Bone foot_L"]
transform = Transform3D(1, 0, 0, 0, 0, 1, 0, -1, 0, 0, 0, 0)
shape = SubResource("CapsuleShape3D_jrawb")

[node name="Physical Bone thigh_R" type="PhysicalBone3D" parent="beetle/metarig/Skeleton3D" index="21"]
transform = Transform3D(0.935026, 0.342185, 0.0930743, 0.0931815, -0.490299, 0.866585, 0.342158, -0.801584, -0.490345, -0.165272, 0.952758, 0.0933955)
collision_layer = 2
joint_type = 1
joint_offset = Transform3D(1, 0, 0, 0, 1, 0, 0, 0, 1, 1.16579e-06, -1.22882e-06, 0.21576)
body_offset = Transform3D(1.00001, -1.01328e-06, 8.64267e-07, -1.49012e-07, -1.2517e-06, -1.00004, -2.98023e-06, 1.00001, 1.48118e-05, -1.35228e-06, 0.215768, -1.96695e-06)
bone_name = "thigh.R"
joint_constraints/bias = 0.3
joint_constraints/damping = 1.0
joint_constraints/impulse_clamp = 0.0

[node name="CollisionShape3D" type="CollisionShape3D" parent="beetle/metarig/Skeleton3D/Physical Bone thigh_R"]
transform = Transform3D(1, 0, 0, 0, 0, 1, 0, -1, 0, 0, 0, 0)
shape = SubResource("CapsuleShape3D_siiw4")

[node name="Physical Bone shin_R" type="PhysicalBone3D" parent="beetle/metarig/Skeleton3D" index="22"]
transform = Transform3D(0.936423, 0.176969, -0.301401, 0.0541549, 0.762716, 0.629597, 0.34669, -0.597397, 0.715669, -0.113083, 0.614785, 0.0275261)
collision_layer = 2
joint_type = 1
joint_offset = Transform3D(1, 0, 0, 0, 1, 0, 0, 0, 1, 2.54873e-05, -1.53875e-05, 0.239841)
body_offset = Transform3D(1.00001, -8.79467e-05, -2.92957e-05, -1.59442e-06, 0.000713885, -0.999707, -1.47521e-06, 0.984854, 4.10676e-05, -1.84625e-05, 0.239771, 5.30481e-06)
bone_name = "shin.R"
joint_constraints/bias = 0.3
joint_constraints/damping = 1.0
joint_constraints/impulse_clamp = 0.0

[node name="CollisionShape3D" type="CollisionShape3D" parent="beetle/metarig/Skeleton3D/Physical Bone shin_R"]
transform = Transform3D(1, 0, 0, 0, 0, 1, 0, -1, 0, 0, 0, 0)
shape = SubResource("CapsuleShape3D_q5p7i")

[node name="Physical Bone foot_R" type="PhysicalBone3D" parent="beetle/metarig/Skeleton3D" index="23"]
transform = Transform3D(0.965998, 0.206134, 0.156217, -0.132337, -0.124979, 0.983343, 0.222218, -0.970522, -0.0934611, -0.0557938, 0.369043, -0.135197)
collision_layer = 2
joint_type = 1
joint_offset = Transform3D(1, 0, 0, 0, 1, 0, 0, 0, 1, 9.88028e-07, -2.09952e-06, 0.0962814)
body_offset = Transform3D(1.00002, -1.75834e-06, 2.58349e-06, -1.51992e-06, 1.49012e-06, -1.00005, -1.75834e-06, 1.00001, 1.28299e-05, -1.2368e-06, 0.0962864, 8.64267e-07)
bone_name = "foot.R"
joint_constraints/bias = 0.3
joint_constraints/damping = 1.0
joint_constraints/impulse_clamp = 0.0

[node name="CollisionShape3D" type="CollisionShape3D" parent="beetle/metarig/Skeleton3D/Physical Bone foot_R"]
transform = Transform3D(1, 0, 0, 0, 0, 1, 0, -1, 0, 0, 0, 0)
shape = SubResource("CapsuleShape3D_a1uua")

[node name="AnimationPlayer" parent="beetle" index="1"]
autoplay = "T-Pose"

[node name="EnemyStateMachine" type="Node" parent="." node_paths=PackedStringArray("CURRENT_STATE")]
script = ExtResource("3_xhf75")
CURRENT_STATE = NodePath("Chase")

[node name="Chase" type="Node" parent="EnemyStateMachine"]
script = ExtResource("4_qql02")

[editable path="beetle"]
