[gd_scene load_steps=31 format=3 uid="uid://c7qsvamep2fwb"]

[ext_resource type="PackedScene" uid="uid://b3dwcphoy104o" path="res://Assets/Models/Enemies/beetle.glb" id="1_lcwkd"]
[ext_resource type="Script" path="res://Scenes/Enemies/Enemy.gd" id="1_r7yee"]
[ext_resource type="Script" path="res://Scripts/state_machine.gd" id="3_xhf75"]
[ext_resource type="Script" path="res://Scripts/Enemies/States/Chase.gd" id="4_qql02"]
[ext_resource type="Script" path="res://Scripts/Enemies/States/Attack.gd" id="5_li4u6"]

[sub_resource type="CapsuleShape3D" id="CapsuleShape3D_sjogr"]
radius = 0.4
height = 1.5

[sub_resource type="CapsuleShape3D" id="CapsuleShape3D_xuoak"]
radius = 0.142925
height = 0.422667

[sub_resource type="CapsuleShape3D" id="CapsuleShape3D_41khs"]
radius = 0.106079
height = 0.212157

[sub_resource type="CapsuleShape3D" id="CapsuleShape3D_4ij0v"]
radius = 0.126351
height = 0.377047

[sub_resource type="CapsuleShape3D" id="CapsuleShape3D_cw3bn"]
radius = 0.175024
height = 0.380572

[sub_resource type="CapsuleShape3D" id="CapsuleShape3D_ycfia"]
radius = 0.177241
height = 0.362222

[sub_resource type="CapsuleShape3D" id="CapsuleShape3D_xhvo8"]
radius = 0.0201255
height = 0.201255

[sub_resource type="CapsuleShape3D" id="CapsuleShape3D_w008w"]
radius = 0.0272714
height = 0.272714

[sub_resource type="CapsuleShape3D" id="CapsuleShape3D_5ljpn"]
radius = 0.0276047
height = 0.276047

[sub_resource type="CapsuleShape3D" id="CapsuleShape3D_t7n64"]
radius = 0.0136649
height = 0.136649

[sub_resource type="CapsuleShape3D" id="CapsuleShape3D_u6c6f"]
radius = 0.0124487
height = 0.124487

[sub_resource type="CapsuleShape3D" id="CapsuleShape3D_mmjjy"]
radius = 0.0107867
height = 0.107867

[sub_resource type="CapsuleShape3D" id="CapsuleShape3D_d66st"]
radius = 0.0201255
height = 0.201255

[sub_resource type="CapsuleShape3D" id="CapsuleShape3D_2bqwo"]
radius = 0.0272714
height = 0.272714

[sub_resource type="CapsuleShape3D" id="CapsuleShape3D_v3uet"]
radius = 0.0276047
height = 0.276047

[sub_resource type="CapsuleShape3D" id="CapsuleShape3D_i35va"]
radius = 0.0136649
height = 0.136649

[sub_resource type="CapsuleShape3D" id="CapsuleShape3D_iexgr"]
radius = 0.0124487
height = 0.124487

[sub_resource type="CapsuleShape3D" id="CapsuleShape3D_1owsd"]
radius = 0.0107867
height = 0.107867

[sub_resource type="CapsuleShape3D" id="CapsuleShape3D_mh6nk"]
radius = 0.043154
height = 0.43154

[sub_resource type="CapsuleShape3D" id="CapsuleShape3D_c3csq"]
radius = 0.0479645
height = 0.479645

[sub_resource type="CapsuleShape3D" id="CapsuleShape3D_7frwp"]
radius = 0.0192573
height = 0.192573

[sub_resource type="CapsuleShape3D" id="CapsuleShape3D_a0yyt"]
radius = 0.043154
height = 0.43154

[sub_resource type="CapsuleShape3D" id="CapsuleShape3D_84tpw"]
radius = 0.0479645
height = 0.479645

[sub_resource type="CapsuleShape3D" id="CapsuleShape3D_ry7ap"]
radius = 0.0192573
height = 0.192573

[sub_resource type="SphereShape3D" id="SphereShape3D_t2r5t"]
radius = 2.0

[node name="Beetle" type="CharacterBody3D" node_paths=PackedStringArray("skeleton", "animation_player")]
collision_layer = 4
collision_mask = 5
script = ExtResource("1_r7yee")
skeleton = NodePath("beetle/metarig/Skeleton3D")
animation_player = NodePath("beetle/AnimationPlayer")

[node name="CollisionShape3D" type="CollisionShape3D" parent="."]
transform = Transform3D(1, 0, 0, 0, 1, 0, 0, 0, 1, 0, 1, 0)
visible = false
shape = SubResource("CapsuleShape3D_sjogr")

[node name="beetle" parent="." instance=ExtResource("1_lcwkd")]
transform = Transform3D(-1, 0, 8.74228e-08, 0, 1, 0, -8.74228e-08, 0, -1, 0, 0, 0)

[node name="Skeleton3D" parent="beetle/metarig" index="0"]
bones/1/rotation = Quaternion(-0.0892244, 3.1816e-14, -2.12728e-08, 0.996012)
bones/3/rotation = Quaternion(0.00149264, 1.19209e-07, 1.77936e-10, 0.999999)
bones/4/rotation = Quaternion(0.210724, -3.51254e-07, -2.68247e-08, 0.977546)
bones/5/rotation = Quaternion(-0.19661, 2.35446e-07, 4.85559e-08, 0.980482)
bones/6/rotation = Quaternion(-0.503343, -0.459713, -0.281452, 0.675348)
bones/8/rotation = Quaternion(0.0933012, -0.0367361, -0.0272286, 0.994587)
bones/10/rotation = Quaternion(-0.00861365, -0.459773, -0.317505, 0.829292)
bones/12/rotation = Quaternion(-0.30408, -0.686454, 0.130906, 0.647442)
bones/15/rotation = Quaternion(-0.519239, -0.0554539, -0.318911, 0.790956)
bones/18/rotation = Quaternion(-0.0176068, -0.596041, 0.522496, 0.609445)
bones/20/rotation = Quaternion(0.0901531, -0.00688016, -0.136118, 0.986558)
bones/21/rotation = Quaternion(-0.00861364, 0.459773, 0.317505, 0.829292)
bones/23/rotation = Quaternion(-0.30408, 0.686454, -0.130906, 0.647442)
bones/24/rotation = Quaternion(-0.25624, -0.394259, 0.107654, 0.875963)
bones/25/rotation = Quaternion(-0.428749, 0.101459, 0.350787, 0.826335)
bones/26/rotation = Quaternion(-0.519239, 0.0554537, 0.318911, 0.790956)
bones/28/rotation = Quaternion(0.170108, 0.747541, 0.446647, -0.461251)
bones/29/rotation = Quaternion(0.984947, 5.9706e-09, 2.33782e-07, 0.172857)
bones/31/rotation = Quaternion(-0.480952, -0.000255868, -0.0759578, 0.873451)
bones/32/rotation = Quaternion(0.00196691, 0.945168, -0.325606, 0.0251627)
bones/34/rotation = Quaternion(-0.170108, 0.74754, 0.446647, 0.461252)
bones/36/rotation = Quaternion(0.096345, 0.00402741, -0.046664, 0.994245)
bones/37/rotation = Quaternion(-0.480952, 0.000255858, 0.0759578, 0.873451)
bones/38/rotation = Quaternion(-0.00196691, 0.945169, -0.325606, -0.0251627)
bones/39/rotation = Quaternion(0.222475, 0.0144972, 0.0298939, 0.974372)

[node name="Cube" parent="beetle/metarig/Skeleton3D" index="0"]
visible = false

[node name="Head" type="PhysicalBone3D" parent="beetle/metarig/Skeleton3D" index="1"]
transform = Transform3D(1, -2.4103e-07, 5.81657e-08, -1.6065e-07, -0.385546, -0.922694, 1.80016e-07, 0.922695, -0.385541, 3.03474e-07, 1.69101, 0.00305867)
collision_layer = 2
joint_type = 1
joint_offset = Transform3D(1, 0, 0, 0, 1, 0, 0, 0, 1, -3.05654e-07, 2.29435e-06, 0.0375078)
body_offset = Transform3D(1, 2.39766e-07, 6.08027e-08, -7.6191e-08, 1.51992e-06, -1, -2.52759e-07, 1.00001, 5.57303e-06, 3.03374e-07, 0.0375079, -2.5034e-06)
bone_name = "spine.004"
joint_constraints/bias = 0.3
joint_constraints/damping = 1.0
joint_constraints/impulse_clamp = 0.0

[node name="CollisionShape3D" type="CollisionShape3D" parent="beetle/metarig/Skeleton3D/Head"]
transform = Transform3D(1, -1.42109e-14, 0, -1.98952e-13, 2.98023e-08, 1, 0, -1, 0, 7.90551e-09, -0.0322991, -0.199098)
shape = SubResource("CapsuleShape3D_xuoak")

[node name="Physical Bone spine" type="PhysicalBone3D" parent="beetle/metarig/Skeleton3D" index="2"]
transform = Transform3D(1, 2.38153e-07, -4.68958e-13, 5.95186e-08, -0.249642, -0.968345, -2.30869e-07, 0.968343, -0.249642, 5.56419e-11, 0.99142, -0.0363681)
collision_layer = 2
joint_offset = Transform3D(1, 0, 0, 0, 1, 0, 0, 0, 1, -9.44936e-11, 0.000163286, 0.076069)
body_offset = Transform3D(1, -2.66297e-10, -1.95399e-13, 8.88178e-14, -1.47521e-06, -1.00001, 6.82121e-13, 1, -1.17719e-06, 9.45519e-11, 0.0760695, -0.000163198)
bone_name = "spine"

[node name="CollisionShape3D" type="CollisionShape3D" parent="beetle/metarig/Skeleton3D/Physical Bone spine"]
transform = Transform3D(1, 0, 0, 0, 0, 1, 0, -1, 0, 0, 0, 0)
shape = SubResource("CapsuleShape3D_41khs")

[node name="Physical Bone spine_001" type="PhysicalBone3D" parent="beetle/metarig/Skeleton3D" index="3"]
transform = Transform3D(1, 3.26383e-07, 2.30393e-07, 5.77878e-08, -0.0735561, -0.997326, -2.46973e-07, 0.997308, -0.0735561, 1.48257e-07, 1.17902, -0.00879911)
collision_layer = 2
joint_type = 1
joint_offset = Transform3D(1, 0, 0, 0, 1, 0, 0, 0, 1, -1.74567e-07, -5.825e-07, 0.114203)
body_offset = Transform3D(1, 8.79606e-08, 2.30392e-07, 3.94652e-08, 1.78814e-07, -1.00004, -1.21357e-08, 1.00002, 1.51247e-06, 1.48256e-07, 0.114207, 4.09782e-07)
bone_name = "spine.001"
joint_constraints/bias = 0.3
joint_constraints/damping = 1.0
joint_constraints/impulse_clamp = 0.0

[node name="CollisionShape3D" type="CollisionShape3D" parent="beetle/metarig/Skeleton3D/Physical Bone spine_001"]
transform = Transform3D(1, 0, 0, 0, 0, 1, 0, -1, 0, 0, 0, 0)
shape = SubResource("CapsuleShape3D_4ij0v")

[node name="Physical Bone spine_002" type="PhysicalBone3D" parent="beetle/metarig/Skeleton3D" index="4"]
transform = Transform3D(1.00001, -5.42153e-08, 2.47382e-08, 2.61599e-07, 0.0318137, -0.999588, 4.56335e-08, 0.999552, 0.0318134, 9.97883e-08, 1.37932, -0.00315204)
collision_layer = 2
joint_type = 1
joint_offset = Transform3D(1, 0, 0, 0, 1, 0, 0, 0, 1, -1.01926e-07, 1.50529e-06, 0.0864583)
body_offset = Transform3D(1.00001, -5.42152e-08, 2.47382e-08, 2.60015e-07, -8.71718e-07, -1.00009, 5.39325e-08, 1.00006, -2.20165e-06, 9.97883e-08, 0.0864664, -1.31503e-06)
bone_name = "spine.002"
joint_constraints/bias = 0.3
joint_constraints/damping = 1.0
joint_constraints/impulse_clamp = 0.0

[node name="CollisionShape3D" type="CollisionShape3D" parent="beetle/metarig/Skeleton3D/Physical Bone spine_002"]
transform = Transform3D(1, 0, 0, 0, 0, 1, 0, -1, 0, 0, 0, 0)
shape = SubResource("CapsuleShape3D_cw3bn")

[node name="Physical Bone spine_003" type="PhysicalBone3D" parent="beetle/metarig/Skeleton3D" index="5"]
transform = Transform3D(1.00001, 2.85852e-07, 1.58274e-08, -1.16412e-07, 0.0288283, -0.999587, -1.82236e-07, 0.99959, 0.0288311, 2.40947e-07, 1.56099, -0.0086495)
collision_layer = 2
joint_type = 1
joint_offset = Transform3D(1, 0, 0, 0, 1, 0, 0, 0, 1, -2.42455e-07, 9.48667e-07, 0.0953325)
body_offset = Transform3D(1.00001, 4.74317e-08, 1.58269e-08, -1.1111e-07, -6.25849e-07, -1, 5.29033e-08, 1.00001, 2.24076e-06, 2.40947e-07, 0.0953329, -1.16229e-06)
bone_name = "spine.003"
joint_constraints/bias = 0.3
joint_constraints/damping = 1.0
joint_constraints/impulse_clamp = 0.0

[node name="CollisionShape3D" type="CollisionShape3D" parent="beetle/metarig/Skeleton3D/Physical Bone spine_003"]
transform = Transform3D(1, 0, 0, 0, 0, 1, 0, -1, 0, 0, 0, 0)
shape = SubResource("CapsuleShape3D_ycfia")

[node name="Physical Bone shoulder_L" type="PhysicalBone3D" parent="beetle/metarig/Skeleton3D" index="6"]
transform = Transform3D(0.222806, -0.35406, -0.908333, 0.519139, 0.831811, -0.196826, 0.825085, -0.427741, 0.369097, 0.121653, 1.56481, 0.0792614)
collision_layer = 2
joint_type = 1
joint_offset = Transform3D(1, 0, 0, 0, 1, 0, 0, 0, 1, -2.3514e-05, -5.52274e-07, 0.100629)
body_offset = Transform3D(0.893566, -0.443538, -0.0691436, 2.17855e-05, 0.154046, -0.988086, 0.448836, 0.883048, 0.137645, 0.00697863, 0.0994305, -0.0138401)
bone_name = "shoulder.L"
joint_constraints/bias = 0.3
joint_constraints/damping = 1.0
joint_constraints/impulse_clamp = 0.0

[node name="CollisionShape3D" type="CollisionShape3D" parent="beetle/metarig/Skeleton3D/Physical Bone shoulder_L"]
transform = Transform3D(1, 0, 0, 0, 0, 1, 0, -1, 0, 0, 0, 0)
shape = SubResource("CapsuleShape3D_xhvo8")

[node name="Physical Bone upper_arm_L" type="PhysicalBone3D" parent="beetle/metarig/Skeleton3D" index="7"]
transform = Transform3D(-0.422961, -0.292428, -0.857692, -0.905977, 0.15855, 0.392678, 0.0211632, 0.943088, -0.331971, 0.329998, 1.53106, 0.087368)
collision_layer = 2
joint_type = 1
joint_offset = Transform3D(1, 0, 0, 0, 1, 0, 0, 0, 1, 3.74931e-06, 6.22746e-08, 0.136356)
body_offset = Transform3D(1.00007, 1.27219e-06, -4.76791e-06, 8.57562e-06, 6.25849e-07, -1.00002, 4.09782e-08, 1.00003, -4.82798e-06, -3.09944e-06, 0.136358, 5.96046e-07)
bone_name = "upper_arm.L"
joint_constraints/bias = 0.3
joint_constraints/damping = 1.0
joint_constraints/impulse_clamp = 0.0

[node name="CollisionShape3D" type="CollisionShape3D" parent="beetle/metarig/Skeleton3D/Physical Bone upper_arm_L"]
transform = Transform3D(1, 0, 0, 0, 0, 1, 0, -1, 0, 0, 0, 0)
shape = SubResource("CapsuleShape3D_w008w")

[node name="Physical Bone forearm_L" type="PhysicalBone3D" parent="beetle/metarig/Skeleton3D" index="8"]
transform = Transform3D(-0.493392, -0.410954, -0.766629, -0.867396, 0.298255, 0.398368, 0.0649365, 0.861497, -0.503606, 0.552757, 1.42253, 0.202142)
collision_layer = 2
joint_type = 1
joint_offset = Transform3D(1, 0, 0, 0, 1, 0, 0, 0, 1, -1.67393e-06, -1.78022e-06, 0.138022)
body_offset = Transform3D(1.00001, 2.19792e-07, 4.35486e-06, 8.27014e-07, -5.81145e-06, -1.00002, -2.04891e-06, 1.00001, 3.39746e-06, 1.07288e-06, 0.138025, 1.3113e-06)
bone_name = "forearm.L"
joint_constraints/bias = 0.3
joint_constraints/damping = 1.0
joint_constraints/impulse_clamp = 0.0

[node name="CollisionShape3D" type="CollisionShape3D" parent="beetle/metarig/Skeleton3D/Physical Bone forearm_L"]
transform = Transform3D(1, 0, 0, 0, 0, 1, 0, -1, 0, 0, 0, 0)
shape = SubResource("CapsuleShape3D_5ljpn")

[node name="Physical Bone hand_L" type="PhysicalBone3D" parent="beetle/metarig/Skeleton3D" index="9"]
transform = Transform3D(-0.272746, -0.557963, -0.783769, -0.939351, 0.33043, 0.0916308, 0.207829, 0.761248, -0.614257, 0.712114, 1.36129, 0.313624)
collision_layer = 2
joint_type = 1
joint_offset = Transform3D(1, 0, 0, 0, 1, 0, 0, 0, 1, -1.25747e-06, -6.68272e-06, 0.0683245)
body_offset = Transform3D(0.999982, -2.20537e-06, -2.5332e-06, -3.84152e-05, 3.21865e-06, -1, 4.21703e-06, 1, -7.7486e-06, 1.43051e-06, 0.0683246, 7.21216e-06)
bone_name = "hand.L"
joint_constraints/bias = 0.3
joint_constraints/damping = 1.0
joint_constraints/impulse_clamp = 0.0

[node name="CollisionShape3D" type="CollisionShape3D" parent="beetle/metarig/Skeleton3D/Physical Bone hand_L"]
transform = Transform3D(1, 0, 0, 0, 0, 1, 0, -1, 0, 0, 0, 0)
shape = SubResource("CapsuleShape3D_t7n64")

[node name="Physical Bone Finger1U_L" type="PhysicalBone3D" parent="beetle/metarig/Skeleton3D" index="10"]
transform = Transform3D(-0.9375, 0.124523, -0.324926, -0.051513, 0.873833, 0.483522, 0.344122, 0.470044, -0.812802, 0.785899, 1.32493, 0.406178)
collision_layer = 2
joint_type = 1
joint_offset = Transform3D(1, 0, 0, 0, 1, 0, 0, 0, 1, 4.50725e-06, -3.62161e-06, 0.0622435)
body_offset = Transform3D(0.99999, -3.57628e-07, -1.54972e-06, -8.01682e-06, 2.68221e-07, -1.00001, -8.04663e-07, 1.00002, 4.55976e-06, -4.41074e-06, 0.062244, 3.33786e-06)
bone_name = "Finger1U.L"
joint_constraints/bias = 0.3
joint_constraints/damping = 1.0
joint_constraints/impulse_clamp = 0.0

[node name="CollisionShape3D" type="CollisionShape3D" parent="beetle/metarig/Skeleton3D/Physical Bone Finger1U_L"]
transform = Transform3D(1, 0, 0, 0, 0, 1, 0, -1, 0, 0, 0, 0)
shape = SubResource("CapsuleShape3D_u6c6f")

[node name="Physical Bone Finger2U_L" type="PhysicalBone3D" parent="beetle/metarig/Skeleton3D" index="11"]
transform = Transform3D(0.00216805, 0.502945, -0.864333, 0.191739, 0.848082, 0.493973, 0.981451, -0.166798, -0.0945977, 0.812247, 1.32841, 0.360683)
collision_layer = 2
joint_type = 1
joint_offset = Transform3D(1, 0, 0, 0, 1, 0, 0, 0, 1, 1.71786e-07, -5.47254e-06, 0.0538848)
body_offset = Transform3D(1.00001, -2.80142e-06, -9.76026e-07, 1.90735e-06, 2.54437e-06, -1.00001, -7.7486e-07, 1.00001, -2.04891e-07, -1.19209e-07, 0.0538856, 5.48363e-06)
bone_name = "Finger2U.L"
joint_constraints/bias = 0.3
joint_constraints/damping = 1.0
joint_constraints/impulse_clamp = 0.0

[node name="CollisionShape3D" type="CollisionShape3D" parent="beetle/metarig/Skeleton3D/Physical Bone Finger2U_L"]
transform = Transform3D(1, 0, 0, 0, 0, 1, 0, -1, 0, 0, 0, 0)
shape = SubResource("CapsuleShape3D_mmjjy")

[node name="Physical Bone shoulder_R" type="PhysicalBone3D" parent="beetle/metarig/Skeleton3D" index="12"]
transform = Transform3D(0.222814, 0.354059, 0.908398, -0.519137, 0.831787, -0.196853, -0.825154, -0.427714, 0.369132, -0.121641, 1.56478, 0.0792442)
collision_layer = 2
joint_type = 1
joint_offset = Transform3D(1, 0, 0, 0, 1, 0, 0, 0, 1, -6.16256e-06, 1.032e-05, 0.100613)
body_offset = Transform3D(0.893631, 0.443516, 0.069142, 1.3113e-06, 0.154028, -0.988165, -0.448834, 0.883027, 0.137644, -0.00695562, 0.0994203, -0.0138606)
bone_name = "shoulder.R"
joint_constraints/bias = 0.3
joint_constraints/damping = 1.0
joint_constraints/impulse_clamp = 0.0

[node name="CollisionShape3D" type="CollisionShape3D" parent="beetle/metarig/Skeleton3D/Physical Bone shoulder_R"]
transform = Transform3D(1, 0, 0, 0, 0, 1, 0, -1, 0, 0, 0, 0)
shape = SubResource("CapsuleShape3D_d66st")

[node name="Physical Bone upper_arm_R" type="PhysicalBone3D" parent="beetle/metarig/Skeleton3D" index="13"]
transform = Transform3D(-0.422939, 0.292421, 0.857685, 0.905937, 0.158548, 0.392676, -0.0211532, 0.943065, -0.331959, -0.329995, 1.53106, 0.0873567)
collision_layer = 2
joint_type = 1
joint_offset = Transform3D(1, 0, 0, 0, 1, 0, 0, 0, 1, 1.2555e-07, 9.21293e-06, 0.136353)
body_offset = Transform3D(1.00002, -2.23517e-08, 5.19911e-06, -7.91065e-06, 1.19209e-07, -1.00001, 8.98913e-06, 1.00001, 3.9041e-06, -8.34465e-07, 0.136354, -9.74536e-06)
bone_name = "upper_arm.R"
joint_constraints/bias = 0.3
joint_constraints/damping = 1.0
joint_constraints/impulse_clamp = 0.0

[node name="CollisionShape3D" type="CollisionShape3D" parent="beetle/metarig/Skeleton3D/Physical Bone upper_arm_R"]
transform = Transform3D(1, 0, 0, 0, 0, 1, 0, -1, 0, 0, 0, 0)
shape = SubResource("CapsuleShape3D_2bqwo")

[node name="Physical Bone forearm_R" type="PhysicalBone3D" parent="beetle/metarig/Skeleton3D" index="14"]
transform = Transform3D(-0.493391, 0.410949, 0.766614, 0.867394, 0.298252, 0.398368, -0.0649372, 0.861499, -0.503601, -0.552758, 1.42253, 0.20214)
collision_layer = 2
joint_type = 1
joint_offset = Transform3D(1, 0, 0, 0, 1, 0, 0, 0, 1, 1.01144e-06, 1.43042e-06, 0.138025)
body_offset = Transform3D(1.00001, -1.27032e-06, 3.03611e-06, -4.73112e-07, -3.8743e-07, -1, 5.96046e-07, 1.00001, 8.64267e-07, -1.43051e-06, 0.138025, -1.54972e-06)
bone_name = "forearm.R"
joint_constraints/bias = 0.3
joint_constraints/damping = 1.0
joint_constraints/impulse_clamp = 0.0

[node name="CollisionShape3D" type="CollisionShape3D" parent="beetle/metarig/Skeleton3D/Physical Bone forearm_R"]
transform = Transform3D(1, 0, 0, 0, 0, 1, 0, -1, 0, 0, 0, 0)
shape = SubResource("CapsuleShape3D_v3uet")

[node name="Physical Bone hand_R" type="PhysicalBone3D" parent="beetle/metarig/Skeleton3D" index="15"]
transform = Transform3D(-0.272729, 0.557991, 0.783836, 0.939414, 0.330447, 0.0916475, -0.207863, 0.761283, -0.61421, -0.712122, 1.36129, 0.313623)
collision_layer = 2
joint_type = 1
joint_offset = Transform3D(1, 0, 0, 0, 1, 0, 0, 0, 1, -2.43036e-06, -7.68419e-06, 0.0683285)
body_offset = Transform3D(1.00004, 4.06802e-06, -9.79006e-06, -1.2517e-06, 1.57952e-06, -1.00003, -5.96046e-07, 1.00005, 7.1466e-05, 3.09944e-06, 0.0683303, 2.80142e-06)
bone_name = "hand.R"
joint_constraints/bias = 0.3
joint_constraints/damping = 1.0
joint_constraints/impulse_clamp = 0.0

[node name="CollisionShape3D" type="CollisionShape3D" parent="beetle/metarig/Skeleton3D/Physical Bone hand_R"]
transform = Transform3D(1, 0, 0, 0, 0, 1, 0, -1, 0, 0, 0, 0)
shape = SubResource("CapsuleShape3D_i35va")

[node name="Physical Bone Finger1U_R" type="PhysicalBone3D" parent="beetle/metarig/Skeleton3D" index="16"]
transform = Transform3D(-0.937513, -0.124538, 0.32493, 0.051516, 0.873841, 0.483518, -0.344136, 0.470044, -0.812803, -0.785895, 1.32493, 0.406181)
collision_layer = 2
joint_type = 1
joint_offset = Transform3D(1, 0, 0, 0, 1, 0, 0, 0, 1, 1.85813e-07, -4.37353e-06, 0.0622446)
body_offset = Transform3D(1.00001, 1.54376e-05, -2.02656e-06, -1.49012e-07, 2.68221e-07, -1.00001, -1.53482e-06, 1.00003, -5.96046e-07, -5.96046e-08, 0.0622452, 4.41074e-06)
bone_name = "Finger1U.R"
joint_constraints/bias = 0.3
joint_constraints/damping = 1.0
joint_constraints/impulse_clamp = 0.0

[node name="CollisionShape3D" type="CollisionShape3D" parent="beetle/metarig/Skeleton3D/Physical Bone Finger1U_R"]
transform = Transform3D(1, 0, 0, 0, 0, 1, 0, -1, 0, 0, 0, 0)
shape = SubResource("CapsuleShape3D_iexgr")

[node name="Physical Bone Finger2U_R" type="PhysicalBone3D" parent="beetle/metarig/Skeleton3D" index="17"]
transform = Transform3D(0.00217713, -0.502939, 0.864325, -0.191732, 0.848085, 0.493971, -0.981474, -0.166799, -0.0945957, -0.81229, 1.32838, 0.360689)
collision_layer = 2
joint_type = 1
joint_offset = Transform3D(1, 0, 0, 0, 1, 0, 0, 0, 1, 1.44977e-06, -3.04592e-06, 0.053937)
body_offset = Transform3D(1.00003, 3.12924e-06, -3.57628e-07, -1.50055e-05, -3.25404e-06, -1.00001, 5.69224e-06, 1.00001, 1.21817e-06, -1.43051e-06, 0.0539374, 2.98023e-06)
bone_name = "Finger2U.R"
joint_constraints/bias = 0.3
joint_constraints/damping = 1.0
joint_constraints/impulse_clamp = 0.0

[node name="CollisionShape3D" type="CollisionShape3D" parent="beetle/metarig/Skeleton3D/Physical Bone Finger2U_R"]
transform = Transform3D(1, 0, 0, 0, 0, 1, 0, -1, 0, 0, 0, 0)
shape = SubResource("CapsuleShape3D_1owsd")

[node name="Physical Bone thigh_L" type="PhysicalBone3D" parent="beetle/metarig/Skeleton3D" index="18"]
transform = Transform3D(0.999989, 9.57025e-06, 8.44393e-07, -1.24636e-06, -0.0950531, 0.99547, 1.71314e-06, -0.995377, -0.0950108, 0.145107, 0.924942, 0.00809672)
collision_layer = 2
joint_type = 1
joint_offset = Transform3D(1, 0, 0, 0, 1, 0, 0, 0, 1, 8.20855e-05, -3.62029e-06, 0.215768)
body_offset = Transform3D(0.999989, 9.33185e-06, 8.56516e-07, 1.41561e-06, 5.38528e-05, -0.999993, -1.34856e-06, 0.999904, 2.96533e-06, -8.22693e-05, 0.215767, 2.98023e-06)
bone_name = "thigh.L"
joint_constraints/bias = 0.3
joint_constraints/damping = 1.0
joint_constraints/impulse_clamp = 0.0

[node name="CollisionShape3D" type="CollisionShape3D" parent="beetle/metarig/Skeleton3D/Physical Bone thigh_L"]
transform = Transform3D(1, 0, 0, 0, 0, 1, 0, -1, 0, 0, 0, 0)
shape = SubResource("CapsuleShape3D_mh6nk")

[node name="Physical Bone shin_L" type="PhysicalBone3D" parent="beetle/metarig/Skeleton3D" index="19"]
transform = Transform3D(0.995143, 0.00124541, 0.093506, -0.0931605, 0.0978057, 0.990351, -0.00814661, -0.994606, 0.0973609, 0.122764, 0.472579, 0.00530337)
collision_layer = 2
joint_type = 1
joint_offset = Transform3D(1, 0, 0, 0, 1, 0, 0, 0, 1, -4.36533e-06, 5.82018e-05, 0.239875)
body_offset = Transform3D(0.999528, 0.00025978, -1.51388e-05, -1.21346e-05, -4.17903e-05, -0.999509, -2.93124e-05, 0.999404, 0.00010141, 7.97957e-06, 0.239757, -8.24928e-05)
bone_name = "shin.L"
joint_constraints/bias = 0.3
joint_constraints/damping = 1.0
joint_constraints/impulse_clamp = 0.0

[node name="CollisionShape3D" type="CollisionShape3D" parent="beetle/metarig/Skeleton3D/Physical Bone shin_L"]
transform = Transform3D(1, 0, 0, 0, 0, 1, 0, -1, 0, 0, 0, 0)
shape = SubResource("CapsuleShape3D_c3csq")

[node name="Physical Bone foot_L" type="PhysicalBone3D" parent="beetle/metarig/Skeleton3D" index="20"]
transform = Transform3D(0.996654, -0.00578858, -0.0824146, 0.04629, -0.786699, 0.616189, -0.068339, -0.617316, -0.784626, 0.108239, 0.175629, 0.0572963)
collision_layer = 2
joint_type = 1
joint_offset = Transform3D(1, 0, 0, 0, 1, 0, 0, 0, 1, -1.17962e-06, -5.13039e-06, 0.0961853)
body_offset = Transform3D(1.00007, 4.88013e-07, 2.6077e-08, -5.03287e-06, 2.5928e-06, -1.00106, 6.33299e-07, 1, 8.55625e-05, 1.17719e-06, 0.0962871, -3.09944e-06)
bone_name = "foot.L"
joint_constraints/bias = 0.3
joint_constraints/damping = 1.0
joint_constraints/impulse_clamp = 0.0

[node name="CollisionShape3D" type="CollisionShape3D" parent="beetle/metarig/Skeleton3D/Physical Bone foot_L"]
transform = Transform3D(1, 0, 0, 0, 0, 1, 0, -1, 0, 0, 0, 0)
shape = SubResource("CapsuleShape3D_7frwp")

[node name="Physical Bone thigh_R" type="PhysicalBone3D" parent="beetle/metarig/Skeleton3D" index="21"]
transform = Transform3D(1, 3.36766e-06, 2.11394e-07, -3.4973e-07, -0.0950089, 0.995474, -6.5519e-07, -0.995499, -0.0950076, -0.145189, 0.924941, 0.00809938)
collision_layer = 2
joint_type = 1
joint_offset = Transform3D(1, 0, 0, 0, 1, 0, 0, 0, 1, 1.13775e-08, -2.69327e-07, 0.215769)
body_offset = Transform3D(1, 3.60608e-06, 2.23517e-07, 2.98023e-07, -1.75834e-06, -0.999997, 4.47035e-07, 1.00002, -6.85453e-07, -5.96046e-08, 0.215768, 4.17233e-07)
bone_name = "thigh.R"
joint_constraints/bias = 0.3
joint_constraints/damping = 1.0
joint_constraints/impulse_clamp = 0.0

[node name="CollisionShape3D" type="CollisionShape3D" parent="beetle/metarig/Skeleton3D/Physical Bone thigh_R"]
transform = Transform3D(1, 0, 0, 0, 0, 1, 0, -1, 0, 0, 0, 0)
shape = SubResource("CapsuleShape3D_a0yyt")

[node name="Physical Bone shin_R" type="PhysicalBone3D" parent="beetle/metarig/Skeleton3D" index="22"]
transform = Transform3D(0.995605, -0.000982761, -0.0935662, 0.0932129, 0.0977778, 0.99077, 0.00817671, -0.994601, 0.0974946, -0.122753, 0.472523, 0.00521714)
collision_layer = 2
joint_type = 1
joint_offset = Transform3D(1, 0, 0, 0, 1, 0, 0, 0, 1, 3.96655e-06, -1.06126e-07, 0.239835)
body_offset = Transform3D(0.999993, -8.34465e-07, -4.67151e-06, 6.15022e-07, 9.86457e-06, -0.999943, 4.02331e-06, 0.999395, 9.35793e-06, -2.84612e-06, 0.239822, -2.13832e-06)
bone_name = "shin.R"
joint_constraints/bias = 0.3
joint_constraints/damping = 1.0
joint_constraints/impulse_clamp = 0.0

[node name="CollisionShape3D" type="CollisionShape3D" parent="beetle/metarig/Skeleton3D/Physical Bone shin_R"]
transform = Transform3D(1, 0, 0, 0, 0, 1, 0, -1, 0, 0, 0, 0)
shape = SubResource("CapsuleShape3D_84tpw")

[node name="Physical Bone foot_R" type="PhysicalBone3D" parent="beetle/metarig/Skeleton3D" index="23"]
transform = Transform3D(0.996578, 0.00578352, 0.0823277, -0.0462878, -0.786706, 0.615609, 0.0683366, -0.617309, -0.783752, -0.108237, 0.175628, 0.0572924)
collision_layer = 2
joint_type = 1
joint_offset = Transform3D(1, 0, 0, 0, 1, 0, 0, 0, 1, -2.08259e-07, 1.95829e-07, 0.0962834)
body_offset = Transform3D(0.99999, -4.76837e-06, -3.72529e-09, 8.01682e-06, 1.20103e-05, -1.00001, -1.2815e-06, 1.00001, 1.37091e-06, 2.08616e-07, 0.0962842, -3.27826e-07)
bone_name = "foot.R"
joint_constraints/bias = 0.3
joint_constraints/damping = 1.0
joint_constraints/impulse_clamp = 0.0

[node name="CollisionShape3D" type="CollisionShape3D" parent="beetle/metarig/Skeleton3D/Physical Bone foot_R"]
transform = Transform3D(1, 0, 0, 0, 0, 1, 0, -1, 0, 0, 0, 0)
shape = SubResource("CapsuleShape3D_ry7ap")

[node name="EnemyStateMachine" type="Node" parent="." node_paths=PackedStringArray("CURRENT_STATE")]
script = ExtResource("3_xhf75")
CURRENT_STATE = NodePath("Chase")

[node name="Chase" type="Node" parent="EnemyStateMachine"]
script = ExtResource("4_qql02")

[node name="Attack" type="Node" parent="EnemyStateMachine"]
script = ExtResource("5_li4u6")

[node name="AttackRange" type="Area3D" parent="."]
visible = false

[node name="CollisionShape3D" type="CollisionShape3D" parent="AttackRange"]
transform = Transform3D(1, 0, 0, 0, 1, 0, 0, 0, 1, 0, 1, 0)
shape = SubResource("SphereShape3D_t2r5t")

[connection signal="body_entered" from="AttackRange" to="." method="_on_attack_range_body_entered"]
[connection signal="body_exited" from="AttackRange" to="." method="_on_attack_range_body_exited"]

[editable path="beetle"]
