[gd_scene load_steps=31 format=3 uid="uid://c7qsvamep2fwb"]

[ext_resource type="PackedScene" uid="uid://b3dwcphoy104o" path="res://Assets/Models/Enemies/beetle.glb" id="1_lcwkd"]
[ext_resource type="Script" uid="uid://tk6daw6sxd3d" path="res://Scenes/Enemies/Enemy.gd" id="1_r7yee"]
[ext_resource type="Script" uid="uid://ew6scmr8pyk4" path="res://Scripts/state_machine.gd" id="3_xhf75"]
[ext_resource type="Script" uid="uid://ifgxtood81xh" path="res://Scripts/Enemies/States/Chase.gd" id="4_qql02"]
[ext_resource type="Script" uid="uid://vbbl8vr3aq1j" path="res://Scripts/Enemies/States/Attack.gd" id="5_li4u6"]

[sub_resource type="CapsuleShape3D" id="CapsuleShape3D_sjogr"]
radius = 0.4
height = 1.5

[sub_resource type="CapsuleShape3D" id="CapsuleShape3D_xuoak"]
radius = 0.142925
height = 0.422667

[sub_resource type="CapsuleShape3D" id="CapsuleShape3D_41khs"]
radius = 0.106078
height = 0.212157

[sub_resource type="CapsuleShape3D" id="CapsuleShape3D_4ij0v"]
radius = 0.126351
height = 0.377047

[sub_resource type="CapsuleShape3D" id="CapsuleShape3D_cw3bn"]
radius = 0.175024
height = 0.380572

[sub_resource type="CapsuleShape3D" id="CapsuleShape3D_ycfia"]
radius = 0.177241
height = 0.362222

[sub_resource type="CapsuleShape3D" id="CapsuleShape3D_xhvo8"]
radius = 0.0201255
height = 0.201255

[sub_resource type="CapsuleShape3D" id="CapsuleShape3D_w008w"]
radius = 0.0272714
height = 0.272714

[sub_resource type="CapsuleShape3D" id="CapsuleShape3D_5ljpn"]
radius = 0.0276047
height = 0.276047

[sub_resource type="CapsuleShape3D" id="CapsuleShape3D_t7n64"]
radius = 0.0136649
height = 0.136649

[sub_resource type="CapsuleShape3D" id="CapsuleShape3D_u6c6f"]
radius = 0.0124487
height = 0.124487

[sub_resource type="CapsuleShape3D" id="CapsuleShape3D_mmjjy"]
radius = 0.0107867
height = 0.107867

[sub_resource type="CapsuleShape3D" id="CapsuleShape3D_d66st"]
radius = 0.0201255
height = 0.201255

[sub_resource type="CapsuleShape3D" id="CapsuleShape3D_2bqwo"]
radius = 0.0272714
height = 0.272714

[sub_resource type="CapsuleShape3D" id="CapsuleShape3D_v3uet"]
radius = 0.0276047
height = 0.276047

[sub_resource type="CapsuleShape3D" id="CapsuleShape3D_i35va"]
radius = 0.0136649
height = 0.136649

[sub_resource type="CapsuleShape3D" id="CapsuleShape3D_iexgr"]
radius = 0.0124487
height = 0.124487

[sub_resource type="CapsuleShape3D" id="CapsuleShape3D_1owsd"]
radius = 0.0107867
height = 0.107867

[sub_resource type="CapsuleShape3D" id="CapsuleShape3D_mh6nk"]
radius = 0.043154
height = 0.43154

[sub_resource type="CapsuleShape3D" id="CapsuleShape3D_c3csq"]
radius = 0.0479645
height = 0.479645

[sub_resource type="CapsuleShape3D" id="CapsuleShape3D_7frwp"]
radius = 0.0192573
height = 0.192573

[sub_resource type="CapsuleShape3D" id="CapsuleShape3D_a0yyt"]
radius = 0.043154
height = 0.43154

[sub_resource type="CapsuleShape3D" id="CapsuleShape3D_84tpw"]
radius = 0.0479645
height = 0.479645

[sub_resource type="CapsuleShape3D" id="CapsuleShape3D_ry7ap"]
radius = 0.0192573
height = 0.192573

[sub_resource type="SphereShape3D" id="SphereShape3D_t2r5t"]
radius = 2.0

[node name="Beetle" type="CharacterBody3D" node_paths=PackedStringArray("skeleton", "animation_player")]
collision_layer = 4
collision_mask = 5
script = ExtResource("1_r7yee")
speed = 320
skeleton = NodePath("beetle/metarig/Skeleton3D")
animation_player = NodePath("beetle/AnimationPlayer")

[node name="CollisionShape3D" type="CollisionShape3D" parent="."]
transform = Transform3D(1, 0, 0, 0, 1, 0, 0, 0, 1, 0, 1, 0)
shape = SubResource("CapsuleShape3D_sjogr")

[node name="beetle" parent="." instance=ExtResource("1_lcwkd")]
transform = Transform3D(-1, 0, 8.74228e-08, 0, 1, 0, -8.74228e-08, 0, -1, 0, 0, 0)

[node name="Skeleton3D" parent="beetle/metarig" index="0"]
bones/1/rotation = Quaternion(-0.0892244, 3.1816e-14, -2.12728e-08, 0.996012)
bones/3/rotation = Quaternion(0.00149264, 1.19209e-07, 1.77936e-10, 0.999999)
bones/4/rotation = Quaternion(0.210724, -3.51254e-07, -2.68247e-08, 0.977546)
bones/5/rotation = Quaternion(-0.19661, 2.35446e-07, 4.85559e-08, 0.980482)
bones/6/rotation = Quaternion(-0.503343, -0.459713, -0.281452, 0.675348)
bones/8/rotation = Quaternion(0.0933012, -0.0367361, -0.0272286, 0.994587)
bones/10/rotation = Quaternion(-0.00861365, -0.459773, -0.317505, 0.829292)
bones/12/rotation = Quaternion(-0.30408, -0.686454, 0.130906, 0.647442)
bones/15/rotation = Quaternion(-0.519239, -0.0554539, -0.318911, 0.790956)
bones/18/rotation = Quaternion(-0.0176068, -0.596041, 0.522496, 0.609445)
bones/20/rotation = Quaternion(0.0901531, -0.00688016, -0.136118, 0.986558)
bones/21/rotation = Quaternion(-0.00861364, 0.459773, 0.317505, 0.829292)
bones/23/rotation = Quaternion(-0.30408, 0.686454, -0.130906, 0.647442)
bones/24/rotation = Quaternion(-0.25624, -0.394259, 0.107654, 0.875963)
bones/25/rotation = Quaternion(-0.428749, 0.101459, 0.350787, 0.826335)
bones/26/rotation = Quaternion(-0.519239, 0.0554537, 0.318911, 0.790956)
bones/28/rotation = Quaternion(0.170108, 0.747541, 0.446647, -0.461251)
bones/29/rotation = Quaternion(0.984947, 5.9706e-09, 2.33782e-07, 0.172857)
bones/31/rotation = Quaternion(-0.480952, -0.000255868, -0.0759578, 0.873451)
bones/32/rotation = Quaternion(0.00196691, 0.945168, -0.325606, 0.0251627)
bones/34/rotation = Quaternion(-0.170108, 0.74754, 0.446647, 0.461252)
bones/36/rotation = Quaternion(0.096345, 0.00402741, -0.046664, 0.994245)
bones/37/rotation = Quaternion(-0.480952, 0.000255858, 0.0759578, 0.873451)
bones/38/rotation = Quaternion(-0.00196691, 0.945169, -0.325606, -0.0251627)
bones/39/rotation = Quaternion(0.222475, 0.0144972, 0.0298939, 0.974372)

[node name="Head" type="PhysicalBone3D" parent="beetle/metarig/Skeleton3D" index="1"]
transform = Transform3D(1, -2.28035e-07, -7.88254e-08, -1.60649e-07, -0.385543, -0.92269, 1.80015e-07, 0.92269, -0.385543, 3.03474e-07, 1.69101, 0.00305885)
collision_layer = 2
joint_type = 1
joint_offset = Transform3D(1, 0, 0, 0, 1, 0, 0, 0, 1, -3.00517e-07, 2.32606e-06, 0.0375079)
body_offset = Transform3D(1, 2.52759e-07, -7.61905e-08, -7.61909e-08, 1.51992e-06, -1, -2.52759e-07, 1, 1.54972e-06, 3.03374e-07, 0.0375079, -2.38419e-06)
bone_name = "spine.004"
joint_constraints/bias = 0.3
joint_constraints/damping = 1.0
joint_constraints/impulse_clamp = 0.0

[node name="CollisionShape3D" type="CollisionShape3D" parent="beetle/metarig/Skeleton3D/Head"]
transform = Transform3D(1, -1.42109e-14, 0, -1.98952e-13, 2.98023e-08, 1, 0, -1, 0, 7.90551e-09, -0.0322991, -0.199098)
shape = SubResource("CapsuleShape3D_xuoak")

[node name="Physical Bone spine" type="PhysicalBone3D" parent="beetle/metarig/Skeleton3D" index="2"]
transform = Transform3D(1, 2.38418e-07, -2.50466e-13, 5.95186e-08, -0.249641, -0.968338, -2.30869e-07, 0.968338, -0.249641, -1.33912e-09, 0.99142, -0.0423943)
collision_layer = 2
joint_offset = Transform3D(1, 0, 0, 0, 1, 0, 0, 0, 1, -9.10657e-11, 0.00599875, 0.0745652)
body_offset = Transform3D(1, -7.24754e-13, 9.23706e-14, 8.88178e-14, -1.47521e-06, -1, 6.82121e-13, 1, -1.47521e-06, 9.10632e-11, 0.0745652, -0.00599864)
bone_name = "spine"

[node name="CollisionShape3D" type="CollisionShape3D" parent="beetle/metarig/Skeleton3D/Physical Bone spine"]
transform = Transform3D(1, 0, 0, 0, 0, 1, 0, -1, 0, 0, 0, 0)
shape = SubResource("CapsuleShape3D_41khs")

[node name="Physical Bone spine_001" type="PhysicalBone3D" parent="beetle/metarig/Skeleton3D" index="3"]
transform = Transform3D(1, 2.50554e-07, 3.94652e-08, 5.77878e-08, -0.0735549, -0.997291, -2.46973e-07, 0.997291, -0.0735549, 1.48256e-07, 1.17902, -0.00879907)
collision_layer = 2
joint_type = 1
joint_offset = Transform3D(1, 0, 0, 0, 1, 0, 0, 0, 1, -1.52763e-07, -4.25306e-07, 0.114207)
body_offset = Transform3D(1, 1.21357e-08, 3.94652e-08, 3.94652e-08, 1.78814e-07, -1, -1.21357e-08, 1, 2.01166e-07, 1.48256e-07, 0.114207, 4.02331e-07)
bone_name = "spine.001"
joint_constraints/bias = 0.3
joint_constraints/damping = 1.0
joint_constraints/impulse_clamp = 0.0

[node name="CollisionShape3D" type="CollisionShape3D" parent="beetle/metarig/Skeleton3D/Physical Bone spine_001"]
transform = Transform3D(1, 0, 0, 0, 0, 1, 0, -1, 0, 0, 0, 0)
shape = SubResource("CapsuleShape3D_4ij0v")

[node name="Physical Bone spine_002" type="PhysicalBone3D" parent="beetle/metarig/Skeleton3D" index="4"]
transform = Transform3D(1, -5.39445e-08, 2.60399e-07, 2.61983e-07, 0.0318117, -0.999494, 4.56335e-08, 0.999494, 0.0318117, 9.97885e-08, 1.37931, -0.00315086)
collision_layer = 2
joint_type = 1
joint_offset = Transform3D(1, 0, 0, 0, 1, 0, 0, 0, 1, -1.223e-07, 7.58237e-07, 0.0864506)
body_offset = Transform3D(1, -5.39444e-08, 2.60399e-07, 2.60399e-07, -8.71718e-07, -1, 5.39447e-08, 1, -8.41916e-07, 9.97885e-08, 0.0864506, -6.85453e-07)
bone_name = "spine.002"
joint_constraints/bias = 0.3
joint_constraints/damping = 1.0
joint_constraints/impulse_clamp = 0.0

[node name="CollisionShape3D" type="CollisionShape3D" parent="beetle/metarig/Skeleton3D/Physical Bone spine_002"]
transform = Transform3D(1, 0, 0, 0, 0, 1, 0, -1, 0, 0, 0, 0)
shape = SubResource("CapsuleShape3D_cw3bn")

[node name="Physical Bone spine_003" type="PhysicalBone3D" parent="beetle/metarig/Skeleton3D" index="5"]
transform = Transform3D(1, 1.85525e-07, -1.11117e-07, -1.16419e-07, 0.0288264, -0.999584, -1.82245e-07, 0.999584, 0.0288264, 2.40947e-07, 1.56099, -0.00864942)
collision_layer = 2
joint_type = 1
joint_offset = Transform3D(1, 0, 0, 0, 1, 0, 0, 0, 1, -2.30354e-07, 1.36917e-06, 0.095333)
body_offset = Transform3D(1, -5.28928e-08, -1.11117e-07, -1.11117e-07, -2.2389e-06, -1, 5.28926e-08, 1, -2.2091e-06, 2.40947e-07, 0.095333, -1.15857e-06)
bone_name = "spine.003"
joint_constraints/bias = 0.3
joint_constraints/damping = 1.0
joint_constraints/impulse_clamp = 0.0

[node name="CollisionShape3D" type="CollisionShape3D" parent="beetle/metarig/Skeleton3D/Physical Bone spine_003"]
transform = Transform3D(1, 0, 0, 0, 0, 1, 0, -1, 0, 0, 0, 0)
shape = SubResource("CapsuleShape3D_ycfia")

[node name="Physical Bone shoulder_L" type="PhysicalBone3D" parent="beetle/metarig/Skeleton3D" index="6"]
transform = Transform3D(0.22281, -0.354028, -0.908306, 0.519169, 0.831701, -0.196817, 0.825118, -0.427712, 0.369112, 0.121569, 1.56496, 0.0792503)
collision_layer = 2
joint_type = 1
joint_offset = Transform3D(1, 0, 0, 0, 1, 0, 0, 0, 1, -7.75093e-05, -0.000161795, 0.10059)
body_offset = Transform3D(0.8936, -0.443511, -0.0691174, 2.19047e-05, 0.154026, -0.988067, 0.448864, 0.882935, 0.137647, 0.00694999, 0.0994141, -0.0136682)
bone_name = "shoulder.L"
joint_constraints/bias = 0.3
joint_constraints/damping = 1.0
joint_constraints/impulse_clamp = 0.0

[node name="CollisionShape3D" type="CollisionShape3D" parent="beetle/metarig/Skeleton3D/Physical Bone shoulder_L"]
transform = Transform3D(1, 0, 0, 0, 0, 1, 0, -1, 0, 0, 0, 0)
shape = SubResource("CapsuleShape3D_xhvo8")

[node name="Physical Bone upper_arm_L" type="PhysicalBone3D" parent="beetle/metarig/Skeleton3D" index="7"]
transform = Transform3D(-0.422934, -0.292422, -0.857681, -0.905914, 0.158537, 0.392666, 0.0211499, 0.943057, -0.331959, 0.329998, 1.53106, 0.0873689)
collision_layer = 2
joint_type = 1
joint_offset = Transform3D(1, 0, 0, 0, 1, 0, 0, 0, 1, 2.50279e-06, -1.19478e-06, 0.136359)
body_offset = Transform3D(1, 9.05804e-06, 8.78703e-07, 1.07242e-06, 6.25849e-07, -1, -9.00216e-06, 1, 5.66244e-07, -2.6226e-06, 0.136359, 1.11759e-06)
bone_name = "upper_arm.L"
joint_constraints/bias = 0.3
joint_constraints/damping = 1.0
joint_constraints/impulse_clamp = 0.0

[node name="CollisionShape3D" type="CollisionShape3D" parent="beetle/metarig/Skeleton3D/Physical Bone upper_arm_L"]
transform = Transform3D(1, 0, 0, 0, 0, 1, 0, -1, 0, 0, 0, 0)
shape = SubResource("CapsuleShape3D_w008w")

[node name="Physical Bone forearm_L" type="PhysicalBone3D" parent="beetle/metarig/Skeleton3D" index="8"]
transform = Transform3D(-0.493384, -0.410952, -0.76661, -0.867385, 0.29825, 0.39836, 0.0649346, 0.86149, -0.503605, 0.552758, 1.42253, 0.202144)
collision_layer = 2
joint_type = 1
joint_offset = Transform3D(1, 0, 0, 0, 1, 0, 0, 0, 1, 1.71822e-06, -2.26751e-06, 0.138025)
body_offset = Transform3D(1, 2.01911e-06, 5.06639e-07, 7.26432e-07, -5.81145e-06, -1, -2.00048e-06, 1, -5.81145e-06, -1.78814e-06, 0.138025, 3.06964e-06)
bone_name = "forearm.L"
joint_constraints/bias = 0.3
joint_constraints/damping = 1.0
joint_constraints/impulse_clamp = 0.0

[node name="CollisionShape3D" type="CollisionShape3D" parent="beetle/metarig/Skeleton3D/Physical Bone forearm_L"]
transform = Transform3D(1, 0, 0, 0, 0, 1, 0, -1, 0, 0, 0, 0)
shape = SubResource("CapsuleShape3D_5ljpn")

[node name="Physical Bone hand_L" type="PhysicalBone3D" parent="beetle/metarig/Skeleton3D" index="9"]
transform = Transform3D(-0.272752, -0.557961, -0.783764, -0.939368, 0.330431, 0.0916687, 0.207832, 0.761245, -0.614257, 0.712114, 1.36129, 0.313624)
collision_layer = 2
joint_type = 1
joint_offset = Transform3D(1, 0, 0, 0, 1, 0, 0, 0, 1, 3.47379e-07, -7.34471e-06, 0.0683248)
body_offset = Transform3D(1, -5.76675e-06, -3.99798e-05, -3.97712e-05, 3.18885e-06, -1, 5.78165e-06, 1, 3.24845e-06, 2.38419e-06, 0.0683248, 7.12276e-06)
bone_name = "hand.L"
joint_constraints/bias = 0.3
joint_constraints/damping = 1.0
joint_constraints/impulse_clamp = 0.0

[node name="CollisionShape3D" type="CollisionShape3D" parent="beetle/metarig/Skeleton3D/Physical Bone hand_L"]
transform = Transform3D(1, 0, 0, 0, 0, 1, 0, -1, 0, 0, 0, 0)
shape = SubResource("CapsuleShape3D_t7n64")

[node name="Physical Bone Finger1U_L" type="PhysicalBone3D" parent="beetle/metarig/Skeleton3D" index="10"]
transform = Transform3D(-0.93751, 0.124517, -0.324917, -0.0515162, 0.873819, 0.483515, 0.344125, 0.470038, -0.812799, 0.785899, 1.32493, 0.406178)
collision_layer = 2
joint_type = 1
joint_offset = Transform3D(1, 0, 0, 0, 1, 0, 0, 0, 1, 5.0046e-06, -2.7585e-06, 0.0622439)
body_offset = Transform3D(1, 1.11759e-06, -8.58307e-06, -8.49366e-06, 2.38419e-07, -1, -9.68575e-07, 1, 2.68221e-07, -4.47035e-06, 0.0622439, 2.74181e-06)
bone_name = "Finger1U.L"
joint_constraints/bias = 0.3
joint_constraints/damping = 1.0
joint_constraints/impulse_clamp = 0.0

[node name="CollisionShape3D" type="CollisionShape3D" parent="beetle/metarig/Skeleton3D/Physical Bone Finger1U_L"]
transform = Transform3D(1, 0, 0, 0, 0, 1, 0, -1, 0, 0, 0, 0)
shape = SubResource("CapsuleShape3D_u6c6f")

[node name="Physical Bone Finger2U_L" type="PhysicalBone3D" parent="beetle/metarig/Skeleton3D" index="11"]
transform = Transform3D(0.00216743, 0.50294, -0.864319, 0.191737, 0.848075, 0.493969, 0.981444, -0.166793, -0.094594, 0.812247, 1.32841, 0.360683)
collision_layer = 2
joint_type = 1
joint_offset = Transform3D(1, 0, 0, 0, 1, 0, 0, 0, 1, 1.60333e-08, -6.22651e-06, 0.0538856)
body_offset = Transform3D(1, 7.15256e-07, 1.9148e-06, 1.90735e-06, 2.55369e-06, -1, -8.04663e-07, 1, 2.72505e-06, -1.19209e-07, 0.0538856, 6.07967e-06)
bone_name = "Finger2U.L"
joint_constraints/bias = 0.3
joint_constraints/damping = 1.0
joint_constraints/impulse_clamp = 0.0

[node name="CollisionShape3D" type="CollisionShape3D" parent="beetle/metarig/Skeleton3D/Physical Bone Finger2U_L"]
transform = Transform3D(1, 0, 0, 0, 0, 1, 0, -1, 0, 0, 0, 0)
shape = SubResource("CapsuleShape3D_mmjjy")

[node name="Physical Bone shoulder_R" type="PhysicalBone3D" parent="beetle/metarig/Skeleton3D" index="12"]
transform = Transform3D(0.22281, 0.354028, 0.908306, -0.519131, 0.831721, -0.196833, -0.825142, -0.427673, 0.369103, -0.121641, 1.56478, 0.0792443)
collision_layer = 2
joint_type = 1
joint_offset = Transform3D(1, 0, 0, 0, 1, 0, 0, 0, 1, -5.48922e-06, 1.07186e-05, 0.100622)
body_offset = Transform3D(0.893618, 0.443474, 0.0691274, 1.43051e-06, 0.154015, -0.988069, -0.448829, 0.882956, 0.137629, -0.00695562, 0.0994203, -0.0138605)
bone_name = "shoulder.R"
joint_constraints/bias = 0.3
joint_constraints/damping = 1.0
joint_constraints/impulse_clamp = 0.0

[node name="CollisionShape3D" type="CollisionShape3D" parent="beetle/metarig/Skeleton3D/Physical Bone shoulder_R"]
transform = Transform3D(1, 0, 0, 0, 0, 1, 0, -1, 0, 0, 0, 0)
shape = SubResource("CapsuleShape3D_d66st")

[node name="Physical Bone upper_arm_R" type="PhysicalBone3D" parent="beetle/metarig/Skeleton3D" index="13"]
transform = Transform3D(-0.422929, 0.292422, 0.857683, 0.905916, 0.158538, 0.392661, -0.0211532, 0.943056, -0.33196, -0.329995, 1.53106, 0.0873522)
collision_layer = 2
joint_type = 1
joint_offset = Transform3D(1, 0, 0, 0, 1, 0, 0, 0, 1, 1.88961e-06, 1.40328e-05, 0.136352)
body_offset = Transform3D(1, -9.06549e-06, -7.73743e-06, -7.71554e-06, 8.9407e-08, -1, 9.00589e-06, 1, 2.98023e-08, -8.34465e-07, 0.136352, -1.40369e-05)
bone_name = "upper_arm.R"
joint_constraints/bias = 0.3
joint_constraints/damping = 1.0
joint_constraints/impulse_clamp = 0.0

[node name="CollisionShape3D" type="CollisionShape3D" parent="beetle/metarig/Skeleton3D/Physical Bone upper_arm_R"]
transform = Transform3D(1, 0, 0, 0, 0, 1, 0, -1, 0, 0, 0, 0)
shape = SubResource("CapsuleShape3D_2bqwo")

[node name="Physical Bone forearm_R" type="PhysicalBone3D" parent="beetle/metarig/Skeleton3D" index="14"]
transform = Transform3D(-0.493385, 0.410946, 0.766612, 0.867384, 0.298251, 0.398362, -0.064937, 0.861493, -0.503601, -0.552758, 1.42253, 0.202141)
collision_layer = 2
joint_type = 1
joint_offset = Transform3D(1, 0, 0, 0, 1, 0, 0, 0, 1, 1.72035e-06, 1.15414e-06, 0.138025)
body_offset = Transform3D(1, -7.07805e-07, -3.72529e-07, -4.69387e-07, -7.7486e-07, -1, 7.00355e-07, 1, -8.04663e-07, -1.66893e-06, 0.138025, -1.04308e-06)
bone_name = "forearm.R"
joint_constraints/bias = 0.3
joint_constraints/damping = 1.0
joint_constraints/impulse_clamp = 0.0

[node name="CollisionShape3D" type="CollisionShape3D" parent="beetle/metarig/Skeleton3D/Physical Bone forearm_R"]
transform = Transform3D(1, 0, 0, 0, 0, 1, 0, -1, 0, 0, 0, 0)
shape = SubResource("CapsuleShape3D_v3uet")

[node name="Physical Bone hand_R" type="PhysicalBone3D" parent="beetle/metarig/Skeleton3D" index="15"]
transform = Transform3D(-0.272718, 0.557963, 0.783774, 0.939373, 0.330427, 0.0916298, -0.207855, 0.761245, -0.614249, -0.712122, 1.36129, 0.313622)
collision_layer = 2
joint_type = 1
joint_offset = Transform3D(1, 0, 0, 0, 1, 0, 0, 0, 1, -1.22272e-06, -1.1151e-06, 0.0683296)
body_offset = Transform3D(1, 6.10948e-07, -1.2964e-06, -1.2517e-06, 1.51992e-06, -1, -5.66244e-07, 1, 1.49012e-06, 1.3113e-06, 0.0683296, 1.01328e-06)
bone_name = "hand.R"
joint_constraints/bias = 0.3
joint_constraints/damping = 1.0
joint_constraints/impulse_clamp = 0.0

[node name="CollisionShape3D" type="CollisionShape3D" parent="beetle/metarig/Skeleton3D/Physical Bone hand_R"]
transform = Transform3D(1, 0, 0, 0, 0, 1, 0, -1, 0, 0, 0, 0)
shape = SubResource("CapsuleShape3D_i35va")

[node name="Physical Bone Finger1U_R" type="PhysicalBone3D" parent="beetle/metarig/Skeleton3D" index="16"]
transform = Transform3D(-0.937506, -0.124521, 0.324925, 0.0515165, 0.873819, 0.483515, -0.344134, 0.470037, -0.812796, -0.785903, 1.32493, 0.406181)
collision_layer = 2
joint_type = 1
joint_offset = Transform3D(1, 0, 0, 0, 1, 0, 0, 0, 1, -7.16369e-06, -2.31879e-06, 0.0622494)
body_offset = Transform3D(1, 1.56462e-06, 1.78814e-07, -1.78814e-07, 6.25849e-07, -1, -1.54972e-06, 1, 8.64267e-07, 7.15256e-06, 0.0622494, 2.26498e-06)
bone_name = "Finger1U.R"
joint_constraints/bias = 0.3
joint_constraints/damping = 1.0
joint_constraints/impulse_clamp = 0.0

[node name="CollisionShape3D" type="CollisionShape3D" parent="beetle/metarig/Skeleton3D/Physical Bone Finger1U_R"]
transform = Transform3D(1, 0, 0, 0, 0, 1, 0, -1, 0, 0, 0, 0)
shape = SubResource("CapsuleShape3D_iexgr")

[node name="Physical Bone Finger2U_R" type="PhysicalBone3D" parent="beetle/metarig/Skeleton3D" index="17"]
transform = Transform3D(0.00217642, -0.502933, 0.864323, -0.191728, 0.84808, 0.493965, -0.981446, -0.16679, -0.0945807, -0.812287, 1.32838, 0.36069)
collision_layer = 2
joint_type = 1
joint_offset = Transform3D(1, 0, 0, 0, 1, 0, 0, 0, 1, 2.19966e-06, 3.05498e-07, 0.053936)
body_offset = Transform3D(1, -5.42402e-06, -1.42604e-05, -1.40071e-05, -5.99213e-06, -1, 5.43892e-06, 1, -5.6643e-06, -1.43051e-06, 0.053936, 0)
bone_name = "Finger2U.R"
joint_constraints/bias = 0.3
joint_constraints/damping = 1.0
joint_constraints/impulse_clamp = 0.0

[node name="CollisionShape3D" type="CollisionShape3D" parent="beetle/metarig/Skeleton3D/Physical Bone Finger2U_R"]
transform = Transform3D(1, 0, 0, 0, 0, 1, 0, -1, 0, 0, 0, 0)
shape = SubResource("CapsuleShape3D_1owsd")

[node name="Physical Bone thigh_L" type="PhysicalBone3D" parent="beetle/metarig/Skeleton3D" index="18"]
transform = Transform3D(1, 1.58691e-06, 1.40359e-06, -1.24638e-06, -0.0950614, 0.995471, 1.71316e-06, -0.995471, -0.0950614, 0.142189, 0.924922, 0.00809874)
collision_layer = 2
joint_type = 1
joint_offset = Transform3D(1, 0, 0, 0, 1, 0, 0, 0, 1, 0.00299968, -1.42985e-05, 0.215787)
body_offset = Transform3D(1, 1.3485e-06, 1.4157e-06, 1.41563e-06, 5.38602e-05, -1, -1.34857e-06, 0.999999, 5.39199e-05, -0.00299999, 0.215787, 2.66731e-06)
bone_name = "thigh.L"
joint_constraints/bias = 0.3
joint_constraints/damping = 1.0
joint_constraints/impulse_clamp = 0.0

[node name="CollisionShape3D" type="CollisionShape3D" parent="beetle/metarig/Skeleton3D/Physical Bone thigh_L"]
transform = Transform3D(1, 0, 0, 0, 0, 1, 0, -1, 0, 0, 0, 0)
shape = SubResource("CapsuleShape3D_mh6nk")

[node name="Physical Bone shin_L" type="PhysicalBone3D" parent="beetle/metarig/Skeleton3D" index="19"]
transform = Transform3D(0.995614, 0.00101655, 0.0935547, -0.0932045, 0.0978866, 0.990823, -0.00815054, -0.995197, 0.097552, 0.122769, 0.472611, 0.00530549)
collision_layer = 2
joint_type = 1
joint_offset = Transform3D(1, 0, 0, 0, 1, 0, 0, 0, 1, -6.93677e-06, 9.20626e-05, 0.239725)
body_offset = Transform3D(1, 2.92808e-05, -1.22244e-05, -1.21699e-05, -4.21703e-05, -1, -2.93283e-05, 0.999999, -4.17382e-05, 9.86457e-06, 0.239725, -8.2057e-05)
bone_name = "shin.L"
joint_constraints/bias = 0.3
joint_constraints/damping = 1.0
joint_constraints/impulse_clamp = 0.0

[node name="CollisionShape3D" type="CollisionShape3D" parent="beetle/metarig/Skeleton3D/Physical Bone shin_L"]
transform = Transform3D(1, 0, 0, 0, 0, 1, 0, -1, 0, 0, 0, 0)
shape = SubResource("CapsuleShape3D_c3csq")

[node name="Physical Bone foot_L" type="PhysicalBone3D" parent="beetle/metarig/Skeleton3D" index="20"]
transform = Transform3D(0.996586, -0.00579458, -0.0823532, 0.0462963, -0.786696, 0.615602, -0.0683541, -0.617313, -0.783742, 0.108241, 0.175633, 0.0573156)
collision_layer = 2
joint_type = 1
joint_offset = Transform3D(1, 0, 0, 0, 1, 0, 0, 0, 1, 1.8781e-07, 1.84118e-05, 0.0963007)
body_offset = Transform3D(1, -5.52088e-06, -2.63974e-05, -2.63602e-05, 2.5928e-06, -1, 5.43892e-06, 1, 1.60933e-06, 2.35438e-06, 0.0963007, -1.85668e-05)
bone_name = "foot.L"
joint_constraints/bias = 0.3
joint_constraints/damping = 1.0
joint_constraints/impulse_clamp = 0.0

[node name="CollisionShape3D" type="CollisionShape3D" parent="beetle/metarig/Skeleton3D/Physical Bone foot_L"]
transform = Transform3D(1, 0, 0, 0, 0, 1, 0, -1, 0, 0, 0, 0)
shape = SubResource("CapsuleShape3D_7frwp")

[node name="Physical Bone thigh_R" type="PhysicalBone3D" parent="beetle/metarig/Skeleton3D" index="21"]
transform = Transform3D(1, -6.85453e-07, 2.85901e-07, -3.4973e-07, -0.0950068, 0.995477, -6.5519e-07, -0.995477, -0.0950068, -0.145189, 0.924941, 0.00809914)
collision_layer = 2
joint_type = 1
joint_offset = Transform3D(1, 0, 0, 0, 1, 0, 0, 0, 1, -4.69956e-09, -2.67789e-07, 0.215768)
body_offset = Transform3D(1, -4.47035e-07, 2.98024e-07, 2.98023e-07, -1.75834e-06, -1, 4.47035e-07, 0.999999, -1.72853e-06, -5.96046e-08, 0.215768, 6.4075e-07)
bone_name = "thigh.R"
joint_constraints/bias = 0.3
joint_constraints/damping = 1.0
joint_constraints/impulse_clamp = 0.0

[node name="CollisionShape3D" type="CollisionShape3D" parent="beetle/metarig/Skeleton3D/Physical Bone thigh_R"]
transform = Transform3D(1, 0, 0, 0, 0, 1, 0, -1, 0, 0, 0, 0)
shape = SubResource("CapsuleShape3D_a0yyt")

[node name="Physical Bone shin_R" type="PhysicalBone3D" parent="beetle/metarig/Skeleton3D" index="22"]
transform = Transform3D(0.995613, -0.000986438, -0.093567, 0.0932142, 0.0978365, 0.990828, 0.00817688, -0.995202, 0.0974992, -0.122753, 0.472523, 0.00521708)
collision_layer = 2
joint_type = 1
joint_offset = Transform3D(1, 0, 0, 0, 1, 0, 0, 0, 1, 2.83508e-06, -3.7707e-07, 0.239822)
body_offset = Transform3D(1, -3.94601e-06, 4.60423e-08, 1.61817e-08, 1.01551e-05, -1, 3.97861e-06, 0.999999, 1.05351e-05, -2.84612e-06, 0.239822, -2.14949e-06)
bone_name = "shin.R"
joint_constraints/bias = 0.3
joint_constraints/damping = 1.0
joint_constraints/impulse_clamp = 0.0

[node name="CollisionShape3D" type="CollisionShape3D" parent="beetle/metarig/Skeleton3D/Physical Bone shin_R"]
transform = Transform3D(1, 0, 0, 0, 0, 1, 0, -1, 0, 0, 0, 0)
shape = SubResource("CapsuleShape3D_84tpw")

[node name="Physical Bone foot_R" type="PhysicalBone3D" parent="beetle/metarig/Skeleton3D" index="23"]
transform = Transform3D(0.996588, 0.00578859, 0.0823353, -0.0462892, -0.786703, 0.615594, 0.0683368, -0.617305, -0.78375, -0.108237, 0.175628, 0.0572921)
collision_layer = 2
joint_type = 1
joint_offset = Transform3D(1, 0, 0, 0, 1, 0, 0, 0, 1, -1.05021e-06, -1.06126e-06, 0.0962842)
body_offset = Transform3D(1, 3.27826e-07, 8.50856e-06, 8.45641e-06, 1.29044e-05, -1, -2.34693e-07, 1, 1.19507e-05, 2.30968e-07, 0.0962842, -8.9407e-08)
bone_name = "foot.R"
joint_constraints/bias = 0.3
joint_constraints/damping = 1.0
joint_constraints/impulse_clamp = 0.0

[node name="CollisionShape3D" type="CollisionShape3D" parent="beetle/metarig/Skeleton3D/Physical Bone foot_R"]
transform = Transform3D(1, 0, 0, 0, 0, 1, 0, -1, 0, 0, 0, 0)
shape = SubResource("CapsuleShape3D_ry7ap")

[node name="EnemyStateMachine" type="Node" parent="." node_paths=PackedStringArray("CURRENT_STATE")]
script = ExtResource("3_xhf75")
CURRENT_STATE = NodePath("Chase")

[node name="Chase" type="Node" parent="EnemyStateMachine"]
script = ExtResource("4_qql02")

[node name="Attack" type="Node" parent="EnemyStateMachine"]
script = ExtResource("5_li4u6")

[node name="AttackRange" type="Area3D" parent="."]

[node name="CollisionShape3D" type="CollisionShape3D" parent="AttackRange"]
transform = Transform3D(1, 0, 0, 0, 1, 0, 0, 0, 1, 0, 1, 0)
shape = SubResource("SphereShape3D_t2r5t")

[connection signal="body_entered" from="AttackRange" to="." method="_on_attack_range_body_entered"]
[connection signal="body_exited" from="AttackRange" to="." method="_on_attack_range_body_exited"]

[editable path="beetle"]
